Episode: 7
Steps Taken: 2816
terminal_reward: -6.706203937530518
mean_reward: 113328.0703125
