Episode: 1
Steps Taken: 67584
terminal_reward: -19577.74632025
mean_reward: -6997.000993710798
