Episode: 10
Steps Taken: 2816
terminal_reward: -73229.3984375
mean_reward: 78939.2265625
