Episode: 0
Steps Taken: 67584
terminal_reward: -12931.305912810001
mean_reward: -7015.253891725047
