Episode: 3
Steps Taken: 67584
terminal_reward: -536.5014062500001
mean_reward: -1810.0873108981634
