Episode: 11
Steps Taken: 2816
terminal_reward: -34833.75390625
mean_reward: 50058.046875
