Episode: 2
Steps Taken: 67584
terminal_reward: -1159.1777808900001
mean_reward: -7059.621991010804
