Episode: 568
Steps Taken: 2816
terminal_reward: -2903.0739479757785
mean_reward: -9000.47880815559
