Episode: 699
Steps Taken: 2816
terminal_reward: -2523.4767180925846
mean_reward: -11427.705765387245
