Episode: 571
Steps Taken: 2816
terminal_reward: -2523.4767180925846
mean_reward: -8561.011573136891
