Episode: 636
Steps Taken: 2816
terminal_reward: -4742.826409699753
mean_reward: -10831.103795620196
