Episode: 28
Steps Taken: 2816
terminal_reward: -3.0604654289713524
mean_reward: -15194.848340046894
