Episode: 470
Steps Taken: 2816
terminal_reward: -1896.8621890541665
mean_reward: -11741.142308512532
