Episode: 502
Steps Taken: 2816
terminal_reward: -1894.3227853004362
mean_reward: -11920.505974054384
