Episode: 471
Steps Taken: 2816
terminal_reward: -2523.4767180925846
mean_reward: -12186.725793854419
