Episode: 65
Steps Taken: 2816
terminal_reward: -2523.4767180925846
mean_reward: -29382.535198641093
