Episode: 753
Steps Taken: 2816
terminal_reward: -10513.66849662441
mean_reward: -17091.613527360318
