Episode: 655
Steps Taken: 2816
terminal_reward: -25979.373238333945
mean_reward: -15120.536618340306
