Episode: 143
Steps Taken: 2816
terminal_reward: -2523.4767180925846
mean_reward: -14200.49984884043
