Episode: 1058
Steps Taken: 2816
terminal_reward: -286287.4715091572
mean_reward: -104385.0337357218
