Episode: 1020
Steps Taken: 2816
terminal_reward: -286287.4715091572
mean_reward: -175498.1913596586
