Episode: 432
Steps Taken: 2816
terminal_reward: -34.430858588556276
mean_reward: -11894.74098359651
