Episode: 460
Steps Taken: 2816
terminal_reward: -1211.8279024905303
mean_reward: -15864.335171248787
