Episode: 653
Steps Taken: 2816
terminal_reward: -1374.9055312632695
mean_reward: -18214.263815422502
