Episode: 509
Steps Taken: 2816
terminal_reward: -3128.3865436194383
mean_reward: -16621.69220168508
