Episode: 263
Steps Taken: 2816
terminal_reward: -117669.77395913863
mean_reward: -73485.85381329746
