Episode: 154
Steps Taken: 2816
terminal_reward: -541.0470733268351
mean_reward: -13879.956763884304
