Episode: 79
Steps Taken: 2816
terminal_reward: -8.970136398844419
mean_reward: -13861.971403875521
