Episode: 715
Steps Taken: 2816
terminal_reward: -4084.357903916324
mean_reward: -13345.848234756675
