Episode: 472
Steps Taken: 2816
terminal_reward: -5026.084209087002
mean_reward: -13872.236026767454
