Episode: 1014
Steps Taken: 2816
terminal_reward: -286287.4715091572
mean_reward: -198972.08299233037
