Episode: 720
Steps Taken: 2816
terminal_reward: -22.09640564863565
mean_reward: -14903.719117859331
