Episode: 514
Steps Taken: 2816
terminal_reward: -15620.245712354023
mean_reward: -9261.744217626496
