Episode: 375
Steps Taken: 2816
terminal_reward: -2953.855258843967
mean_reward: -11672.124733862027
