Episode: 1005
Steps Taken: 2816
terminal_reward: -286287.4715091572
mean_reward: -101008.7211313969
