Episode: 512
Steps Taken: 2816
terminal_reward: -27078.177349674646
mean_reward: -8168.595760834074
