Episode: 318
Steps Taken: 2816
terminal_reward: -4458.350603278457
mean_reward: -14307.68581882181
