Episode: 333
Steps Taken: 2816
terminal_reward: -4604.271359192987
mean_reward: -12944.522729759763
