Episode: 250
Steps Taken: 2816
terminal_reward: -2350.467341824936
mean_reward: -18418.41537804905
