Episode: 147
Steps Taken: 2816
terminal_reward: -2523.4767180925846
mean_reward: -12861.959723757249
