Episode: 362
Steps Taken: 2816
terminal_reward: -8.02125149716472
mean_reward: -16786.986269918314
