Episode: 558
Steps Taken: 2816
terminal_reward: -2318.2316948567427
mean_reward: -11974.116765469453
