Episode: 714
Steps Taken: 2816
terminal_reward: -336.6204302612247
mean_reward: -11785.992460497553
