Episode: 1045
Steps Taken: 2816
terminal_reward: -286287.4715091572
mean_reward: -183248.01734640278
