Episode: 113
Steps Taken: 2816
terminal_reward: -145.551711513389
mean_reward: -13861.179119198518
