Episode: 409
Steps Taken: 2816
terminal_reward: -364.2646543796025
mean_reward: -18954.588018624996
