Episode: 313
Steps Taken: 2816
terminal_reward: -2501.768452890787
mean_reward: -15452.756188604371
