Episode: 16
Steps Taken: 2816
terminal_reward: -16475.591689063134
mean_reward: -17387.948591717948
