Episode: 397
Steps Taken: 2816
terminal_reward: -2585.1816269306673
mean_reward: -14849.815813442181
