Episode: 262
Steps Taken: 2816
terminal_reward: -10292.11901659171
mean_reward: -17191.850121760628
