Episode: 428
Steps Taken: 2816
terminal_reward: -2523.4767180925846
mean_reward: -17790.865886622985
