Episode: 305
Steps Taken: 2816
terminal_reward: -1654.7795279520917
mean_reward: -10779.341358074811
