Episode: 505
Steps Taken: 2816
terminal_reward: -2204.323026344782
mean_reward: -15089.422479093331
