Episode: 482
Steps Taken: 2816
terminal_reward: -2523.4767180925846
mean_reward: -18377.160631179984
