Episode: 599
Steps Taken: 2816
terminal_reward: -55.975556609829475
mean_reward: -13572.293402386049
