Episode: 759
Steps Taken: 2816
terminal_reward: -1321.5928558598273
mean_reward: -14560.326231774305
