Episode: 104
Steps Taken: 2816
terminal_reward: -3245.020499203464
mean_reward: -10869.285817567275
