Episode: 619
Steps Taken: 2816
terminal_reward: -18619.825494849207
mean_reward: -11689.113978089192
