Episode: 462
Steps Taken: 2816
terminal_reward: -27172.516181582043
mean_reward: -11223.498405718441
