Episode: 5003
Steps Taken: 67584
terminal_reward: -8477.124283689998
mean_reward: -13381.794761161082
