Episode: 676
Steps Taken: 2816
terminal_reward: -76.29815311727575
mean_reward: -14074.895047456552
