Episode: 360
Steps Taken: 2816
terminal_reward: -2523.4767180925846
mean_reward: -16562.466977119002
