Episode: 314
Steps Taken: 2816
terminal_reward: -212.83362806819736
mean_reward: -16431.956706315104
