Episode: 440
Steps Taken: 2816
terminal_reward: -1509.2695554832303
mean_reward: -17887.165065661273
