Episode: 183
Steps Taken: 2816
terminal_reward: -109.61710146271643
mean_reward: -18688.09313246918
