Episode: 562
Steps Taken: 2816
terminal_reward: -7620.501073309567
mean_reward: -13568.077425032701
