Episode: 442
Steps Taken: 2816
terminal_reward: -9725.624597858854
mean_reward: -13260.945818724278
