Episode: 401
Steps Taken: 2816
terminal_reward: -10.053854702997238
mean_reward: -14434.008089935156
