Episode: 645
Steps Taken: 2816
terminal_reward: -2523.4767180925846
mean_reward: -14328.246110581009
