Episode: 478
Steps Taken: 2816
terminal_reward: -11447.027305136346
mean_reward: -14468.80745682287
