Episode: 204
Steps Taken: 2816
terminal_reward: -256.3943468650298
mean_reward: -14561.828757460502
