Episode: 1002
Steps Taken: 2816
terminal_reward: -2506.8528299612894
mean_reward: -80254.28878267673
