Episode: 356
Steps Taken: 2816
terminal_reward: -435.6396076699748
mean_reward: -17521.40445034368
