Episode: 225
Steps Taken: 2816
terminal_reward: -198.3398627162138
mean_reward: -15912.958313748853
