Episode: 321
Steps Taken: 2816
terminal_reward: -2523.4767180925846
mean_reward: -17537.566028584857
