Episode: 607
Steps Taken: 2816
terminal_reward: -1711.5084573955903
mean_reward: -13979.397479211078
