Episode: 679
Steps Taken: 2816
terminal_reward: -250.04206944094273
mean_reward: -18899.218603122503
