Episode: 239
Steps Taken: 2816
terminal_reward: -14153.309218307655
mean_reward: -11157.024851865934
