Episode: 1003
Steps Taken: 2816
terminal_reward: -286287.4715091572
mean_reward: -100660.64791147785
