Episode: 1024
Steps Taken: 2816
terminal_reward: -286287.4715091572
mean_reward: -147320.59145649883
