Episode: 410
Steps Taken: 2816
terminal_reward: -2523.4767180925846
mean_reward: -12366.264123658231
