Episode: 378
Steps Taken: 2816
terminal_reward: -8222.061062697341
mean_reward: -11465.054022023025
