Episode: 159
Steps Taken: 2816
terminal_reward: -2523.4767180925846
mean_reward: -15176.05591870438
