Episode: 87
Steps Taken: 2816
terminal_reward: -17.734362075189587
mean_reward: -15194.545938136911
