Episode: 161
Steps Taken: 2816
terminal_reward: -615.8081172421855
mean_reward: -14627.131562941855
