Episode: 90
Steps Taken: 2816
terminal_reward: -6552.575693153714
mean_reward: -15090.022165029064
