Episode: 489
Steps Taken: 2816
terminal_reward: -2215.3418934240153
mean_reward: -11565.04669471713
