Episode: 306
Steps Taken: 2816
terminal_reward: -38.51714927886395
mean_reward: -11586.553038499855
