Episode: 49
Steps Taken: 2816
terminal_reward: -4910.601124037003
mean_reward: -15854.510076019487
