Episode: 345
Steps Taken: 2816
terminal_reward: -2523.4767180925846
mean_reward: -17765.16115071343
