Episode: 368
Steps Taken: 2816
terminal_reward: -4011.1678667507877
mean_reward: -10297.411004366302
