Episode: 550
Steps Taken: 2816
terminal_reward: -21.24028711013222
mean_reward: -13495.16515337171
