Episode: 1029
Steps Taken: 2816
terminal_reward: -286287.4715091572
mean_reward: -217980.97033732774
