Episode: 561
Steps Taken: 2816
terminal_reward: -161.58778969979286
mean_reward: -16463.995503118418
