Episode: 192
Steps Taken: 2816
terminal_reward: -6947.086040481505
mean_reward: -11635.069098192416
