Episode: 540
Steps Taken: 2816
terminal_reward: -3404.6153005258275
mean_reward: -12574.375327970776
