Episode: 179
Steps Taken: 2816
terminal_reward: -6372.155376533747
mean_reward: -17821.20971598182
