Episode: 228
Steps Taken: 2816
terminal_reward: -7082.128219015036
mean_reward: -10724.154923182077
