Episode: 635
Steps Taken: 2816
terminal_reward: -2523.4767180925846
mean_reward: -13625.534964029704
