Episode: 490
Steps Taken: 2816
terminal_reward: -2523.4767180925846
mean_reward: -11895.400904812615
