Episode: 89
Steps Taken: 2816
terminal_reward: -1.087184507302646
mean_reward: -9059.072868519368
