Episode: 707
Steps Taken: 2816
terminal_reward: -1534.7839388459377
mean_reward: -14607.06903570189
