Episode: 24
Steps Taken: 2816
terminal_reward: -406.52565630970236
mean_reward: -10249.156352658258
