Episode: 112
Steps Taken: 2816
terminal_reward: -61.76260152074987
mean_reward: -15609.923702435639
