Episode: 486
Steps Taken: 2816
terminal_reward: -2523.4767180925846
mean_reward: -16967.461280676078
