Episode: 107
Steps Taken: 2816
terminal_reward: -2523.4767180925846
mean_reward: -14429.218263433002
