Episode: 469
Steps Taken: 2816
terminal_reward: -1425.9143731654306
mean_reward: -10257.119668967644
