Episode: 1001
Steps Taken: 2816
terminal_reward: -286287.4715091572
mean_reward: -144203.7019779382
