Episode: 725
Steps Taken: 2816
terminal_reward: -35869.43625487704
mean_reward: -13582.582738195664
