Episode: 198
Steps Taken: 2816
terminal_reward: -401.4405507648479
mean_reward: -18081.000306695554
