Episode: 640
Steps Taken: 2816
terminal_reward: -6465.041439581908
mean_reward: -14567.283286407212
