Episode: 501
Steps Taken: 2816
terminal_reward: -15155.1072783006
mean_reward: -17916.412886220132
