Episode: 15
Steps Taken: 2816
terminal_reward: -618.3636405303203
mean_reward: -16094.570244306682
