Episode: 443
Steps Taken: 2816
terminal_reward: -76.34707629313026
mean_reward: -16974.048240178145
