Episode: 144
Steps Taken: 2816
terminal_reward: -2523.4767180925846
mean_reward: -15231.252293305386
