Episode: 680
Steps Taken: 2816
terminal_reward: -2523.4767180925846
mean_reward: -18202.882097587684
