Episode: 513
Steps Taken: 2816
terminal_reward: -10527.330751547233
mean_reward: -14242.976257675267
