Episode: 696
Steps Taken: 2816
terminal_reward: -2523.4767180925846
mean_reward: -13393.319965593988
