Episode: 278
Steps Taken: 2816
terminal_reward: -15.772165675870777
mean_reward: -16686.548879633287
