Episode: 37
Steps Taken: 2816
terminal_reward: -330.6353592319789
mean_reward: -11212.78341525926
