Episode: 384
Steps Taken: 2816
terminal_reward: -1103.3279934821862
mean_reward: -16909.555228797188
