Episode: 537
Steps Taken: 2816
terminal_reward: -976.5949126072002
mean_reward: -15243.755979836487
