Episode: 406
Steps Taken: 2816
terminal_reward: -279.87344660743804
mean_reward: -17405.986207569975
