Episode: 153
Steps Taken: 2816
terminal_reward: -165.51546556777382
mean_reward: -15855.577943931778
