Episode: 26
Steps Taken: 2816
terminal_reward: -25.19657086348554
mean_reward: -15011.307402387996
