Episode: 285
Steps Taken: 2816
terminal_reward: -31161.210279329123
mean_reward: -18305.68216238995
