Episode: 511
Steps Taken: 2816
terminal_reward: -20618.599686368583
mean_reward: -12892.846427228913
