Episode: 420
Steps Taken: 2816
terminal_reward: -803.0241872745755
mean_reward: -17950.637316125278
