Episode: 657
Steps Taken: 2816
terminal_reward: -2523.4767180925846
mean_reward: -10560.099107232296
