Episode: 224
Steps Taken: 2816
terminal_reward: -274.97537298089253
mean_reward: -13291.521664422153
