Episode: 268
Steps Taken: 2816
terminal_reward: -7201.3691924240875
mean_reward: -9536.236346693979
