Episode: 387
Steps Taken: 2816
terminal_reward: -441.6352096632963
mean_reward: -10877.079707138135
