Episode: 1056
Steps Taken: 2816
terminal_reward: -213557.9272142954
mean_reward: -110826.65101096626
