Episode: 77
Steps Taken: 2816
terminal_reward: -850.4116639083709
mean_reward: -18155.08913051293
