Episode: 7
Steps Taken: 2816
terminal_reward: -411.9892612122905
mean_reward: -18218.034144743582
