Episode: 1017
Steps Taken: 2816
terminal_reward: -191763.04984986412
mean_reward: -219394.4868170415
