Episode: 402
Steps Taken: 2816
terminal_reward: -14003.499163458753
mean_reward: -10181.663875803559
