Episode: 289
Steps Taken: 2816
terminal_reward: -2523.4767180925846
mean_reward: -10128.529287204603
