Episode: 1023
Steps Taken: 2816
terminal_reward: -286287.4715091572
mean_reward: -99845.38034487447
