Episode: 621
Steps Taken: 2816
terminal_reward: -16499.88583586451
mean_reward: -11440.996565094012
