Episode: 214
Steps Taken: 2816
terminal_reward: -2523.4767180925846
mean_reward: -13008.389369765418
