Episode: 176
Steps Taken: 2816
terminal_reward: -35.43247765253702
mean_reward: -10489.28441582771
