Episode: 694
Steps Taken: 2816
terminal_reward: -2523.4767180925846
mean_reward: -17859.827802768734
