Episode: 728
Steps Taken: 2816
terminal_reward: -2523.4767180925846
mean_reward: -14359.311867894266
