Episode: 467
Steps Taken: 2816
terminal_reward: -8048.096068648033
mean_reward: -14318.318107238541
