Episode: 572
Steps Taken: 2816
terminal_reward: -9443.151926369826
mean_reward: -16858.069303090717
