Episode: 461
Steps Taken: 2816
terminal_reward: -3660.199349888359
mean_reward: -14382.695832200176
