Episode: 366
Steps Taken: 2816
terminal_reward: -7632.080849833552
mean_reward: -14015.07113804927
