Episode: 171
Steps Taken: 2816
terminal_reward: -356.1455371736295
mean_reward: -10891.770322548467
