Episode: 45
Steps Taken: 2816
terminal_reward: -10964.515279830788
mean_reward: -18094.746406888626
