Episode: 29
Steps Taken: 2816
terminal_reward: -3727.18569972029
mean_reward: -14703.119654981301
