Episode: 468
Steps Taken: 2816
terminal_reward: -6317.957650907425
mean_reward: -16026.493164046056
