Episode: 200
Steps Taken: 2816
terminal_reward: -664.6454513989507
mean_reward: -13292.224500536378
