Episode: 574
Steps Taken: 2816
terminal_reward: -0.24500658890787422
mean_reward: -12825.768260187137
