Episode: 485
Steps Taken: 2816
terminal_reward: -3361.910167370048
mean_reward: -14229.037242079985
