Episode: 641
Steps Taken: 2816
terminal_reward: -2336.3767653576033
mean_reward: -13220.703184262722
