Episode: 741
Steps Taken: 2816
terminal_reward: -25545.62295515159
mean_reward: -10052.374824365452
