Episode: 433
Steps Taken: 2816
terminal_reward: -2523.4767180925846
mean_reward: -14054.911466205387
