Episode: 675
Steps Taken: 2816
terminal_reward: -2523.4767180925846
mean_reward: -11081.891813036304
