Episode: 18
Steps Taken: 2816
terminal_reward: -113.41571397662632
mean_reward: -13191.470207540771
