Episode: 327
Steps Taken: 2816
terminal_reward: -7594.073494694583
mean_reward: -15199.088668428018
