Episode: 647
Steps Taken: 2816
terminal_reward: -5796.641982636368
mean_reward: -14436.958447654417
