Episode: 651
Steps Taken: 2816
terminal_reward: -59974.58047950576
mean_reward: -14215.328492014407
