Episode: 480
Steps Taken: 2816
terminal_reward: -333.69356984133316
mean_reward: -14988.237779936055
