Episode: 634
Steps Taken: 2816
terminal_reward: -98.23820090684616
mean_reward: -13260.413710696406
