Episode: 2
Steps Taken: 2816
terminal_reward: -2226.4696551939683
mean_reward: -91022.25906339193
