Episode: 1055
Steps Taken: 2816
terminal_reward: -193412.32513910133
mean_reward: -106320.90092849605
