Episode: 342
Steps Taken: 2816
terminal_reward: -5507.329129680367
mean_reward: -16744.10504437389
