Episode: 1044
Steps Taken: 2816
terminal_reward: -286287.4715091572
mean_reward: -214697.03189813552
