Episode: 326
Steps Taken: 2816
terminal_reward: -1266.0204700038662
mean_reward: -10839.742270226108
