Episode: 132
Steps Taken: 2816
terminal_reward: -6210.839787927165
mean_reward: -12053.20717366254
