Episode: 0
Steps Taken: 2816
terminal_reward: -861.2805341815227
mean_reward: -69443.64805292131
