Episode: 95
Steps Taken: 2816
terminal_reward: -1279.0909771097743
mean_reward: -15539.881631745518
