Episode: 1062
Steps Taken: 2816
terminal_reward: -29048.798717032372
mean_reward: -109482.43773053442
