Episode: 110
Steps Taken: 2816
terminal_reward: -1977.330221890659
mean_reward: -16062.497713317773
