Episode: 158
Steps Taken: 2816
terminal_reward: -10115.829765287914
mean_reward: -15822.126500048935
