Episode: 207
Steps Taken: 2816
terminal_reward: -270.2828525962771
mean_reward: -10539.31330413678
