Episode: 661
Steps Taken: 2816
terminal_reward: -2927.9658418523704
mean_reward: -15049.876502418198
