Episode: 448
Steps Taken: 2816
terminal_reward: -1817.4804832963725
mean_reward: -10673.812378531598
