Episode: 117
Steps Taken: 2816
terminal_reward: -649.5352480530561
mean_reward: -14281.903792866273
