Episode: 763
Steps Taken: 2816
terminal_reward: -28146.800213830968
mean_reward: -63626.23602054263
