Episode: 361
Steps Taken: 2816
terminal_reward: -2523.4767180925846
mean_reward: -15372.096561046212
