Episode: 658
Steps Taken: 2816
terminal_reward: -2523.4767180925846
mean_reward: -16536.607263415688
