Episode: 367
Steps Taken: 2816
terminal_reward: -2789.284943294058
mean_reward: -14102.899605012031
