Episode: 520
Steps Taken: 2816
terminal_reward: -19845.08419102875
mean_reward: -13213.157813858881
