Episode: 260
Steps Taken: 2816
terminal_reward: -5987.955569404178
mean_reward: -17044.69782132979
