Episode: 83
Steps Taken: 2816
terminal_reward: -17188.332602088954
mean_reward: -12086.97239574039
