Episode: 180
Steps Taken: 2816
terminal_reward: -1749.4576579796612
mean_reward: -14999.41525188775
