Episode: 191
Steps Taken: 2816
terminal_reward: -1403.587366764854
mean_reward: -12711.705039538128
