Episode: 386
Steps Taken: 2816
terminal_reward: -1432.3589699442605
mean_reward: -13795.520677552455
