Episode: 32
Steps Taken: 2816
terminal_reward: -24056.221371547075
mean_reward: -14598.350854557839
