Episode: 597
Steps Taken: 2816
terminal_reward: -27893.60317839141
mean_reward: -12244.713509895395
