Episode: 348
Steps Taken: 2816
terminal_reward: -1378.0591135940494
mean_reward: -12578.604975804816
