Episode: 5
Steps Taken: 2816
terminal_reward: -18304.4614037638
mean_reward: -22551.503906848127
