Episode: 222
Steps Taken: 2816
terminal_reward: -13.441892057729884
mean_reward: -14988.80958493597
