Episode: 150
Steps Taken: 2816
terminal_reward: -2523.4767180925846
mean_reward: -11332.599189278812
