Episode: 416
Steps Taken: 2816
terminal_reward: -1395.7485736778203
mean_reward: -10718.47381342318
