Episode: 245
Steps Taken: 2816
terminal_reward: -324.43867887973283
mean_reward: -14651.773399242897
