Episode: 212
Steps Taken: 2816
terminal_reward: -2278.0365741760193
mean_reward: -13347.258033077542
