Episode: 487
Steps Taken: 2816
terminal_reward: -1793.7665631016757
mean_reward: -17310.002383955216
