Episode: 742
Steps Taken: 2816
terminal_reward: -2523.4767180925846
mean_reward: -16627.9192515573
