Episode: 427
Steps Taken: 2816
terminal_reward: -532.3763146830084
mean_reward: -13585.483373728888
