Episode: 1038
Steps Taken: 2816
terminal_reward: -286287.4715091572
mean_reward: -211469.48855683018
