Episode: 564
Steps Taken: 2816
terminal_reward: -2523.4767180925846
mean_reward: -19136.144914625096
