Episode: 668
Steps Taken: 2816
terminal_reward: -2523.4767180925846
mean_reward: -11915.08744894943
