Episode: 453
Steps Taken: 2816
terminal_reward: -347.1134680235759
mean_reward: -12872.570374633831
