Episode: 167
Steps Taken: 2816
terminal_reward: -2523.4767180925846
mean_reward: -11429.712527279835
