Episode: 311
Steps Taken: 2816
terminal_reward: -963.849061557139
mean_reward: -13666.800359133225
