Episode: 1048
Steps Taken: 2816
terminal_reward: -286287.4715091572
mean_reward: -138962.3577116581
