Episode: 622
Steps Taken: 2816
terminal_reward: -695.9931136276516
mean_reward: -16095.83615863953
