Episode: 108
Steps Taken: 2816
terminal_reward: -3768.766650688928
mean_reward: -15896.643664080295
