Episode: 216
Steps Taken: 2816
terminal_reward: -2523.4767180925846
mean_reward: -16963.884131407718
