Episode: 12
Steps Taken: 2816
terminal_reward: -1372.4000847260845
mean_reward: -13592.48340773181
