Episode: 673
Steps Taken: 2816
terminal_reward: -2523.4767180925846
mean_reward: -16776.175243235626
