Episode: 754
Steps Taken: 2816
terminal_reward: -41467.042743007194
mean_reward: -13019.167672751064
