Episode: 123
Steps Taken: 2816
terminal_reward: -2197.3329940237677
mean_reward: -13730.643465498391
