Episode: 275
Steps Taken: 2816
terminal_reward: -3592.849322687704
mean_reward: -9159.827933125336
