Episode: 567
Steps Taken: 2816
terminal_reward: -84.56791316302291
mean_reward: -11164.66328499852
