Episode: 496
Steps Taken: 2816
terminal_reward: -2523.4767180925846
mean_reward: -11284.107250400712
