Episode: 1000
Steps Taken: 2816
terminal_reward: -111399.53008213382
mean_reward: -44784.77864973087
