Episode: 1022
Steps Taken: 2816
terminal_reward: -286287.4715091572
mean_reward: -109742.27023403673
