Episode: 701
Steps Taken: 2816
terminal_reward: -2621.5200162355904
mean_reward: -11401.650528322683
