Episode: 252
Steps Taken: 2816
terminal_reward: -9747.313040061146
mean_reward: -15284.1713310919
