Episode: 682
Steps Taken: 2816
terminal_reward: -24468.399388284597
mean_reward: -10040.1269402819
