Episode: 163
Steps Taken: 2816
terminal_reward: -147167.12893287424
mean_reward: -62971.553094288196
