Episode: 62
Steps Taken: 2816
terminal_reward: -2914.2378577761137
mean_reward: -8276.615552562696
