Episode: 184
Steps Taken: 2816
terminal_reward: -7.108721609186207
mean_reward: -12360.429144368676
