Episode: 331
Steps Taken: 2816
terminal_reward: -102.74622793872972
mean_reward: -14328.642420074997
