Episode: 569
Steps Taken: 2816
terminal_reward: -2523.4767180925846
mean_reward: -13843.897975835634
