Episode: 730
Steps Taken: 2816
terminal_reward: -2523.4767180925846
mean_reward: -16415.37394934503
