Episode: 102
Steps Taken: 2816
terminal_reward: -579.7317173224454
mean_reward: -12308.382253205195
