Episode: 286
Steps Taken: 2816
terminal_reward: -3712.5235639511084
mean_reward: -12598.598106837342
