Episode: 592
Steps Taken: 2816
terminal_reward: -1288.0764091255433
mean_reward: -11875.053784083673
