Episode: 398
Steps Taken: 2816
terminal_reward: -457.60562455086705
mean_reward: -15311.374019203242
