Episode: 476
Steps Taken: 2816
terminal_reward: -143.07464505817543
mean_reward: -15259.740139551617
