Episode: 148
Steps Taken: 2816
terminal_reward: -0.02213590575602078
mean_reward: -13198.921136673092
