Episode: 716
Steps Taken: 2816
terminal_reward: -1261.9203735406838
mean_reward: -12776.149141776956
