Episode: 497
Steps Taken: 2816
terminal_reward: -639.9846853612895
mean_reward: -12695.714799015694
