Episode: 630
Steps Taken: 2816
terminal_reward: -4172.976719226775
mean_reward: -12220.009682775242
