Episode: 63
Steps Taken: 2816
terminal_reward: -191277.01804804843
mean_reward: -66359.32864745344
