Episode: 598
Steps Taken: 2816
terminal_reward: -2523.4767180925846
mean_reward: -14421.912914195575
