Episode: 580
Steps Taken: 2816
terminal_reward: -2523.4767180925846
mean_reward: -11256.40956097175
