Episode: 750
Steps Taken: 2816
terminal_reward: -4106.679771989548
mean_reward: -16995.065331179354
