Episode: 643
Steps Taken: 2816
terminal_reward: -2523.4767180925846
mean_reward: -15517.230505611742
