Episode: 220
Steps Taken: 2816
terminal_reward: -2523.4767180925846
mean_reward: -15838.530328285857
