Episode: 135
Steps Taken: 2816
terminal_reward: -2523.4767180925846
mean_reward: -16040.343393794792
