Episode: 300
Steps Taken: 2816
terminal_reward: -30966.2086275853
mean_reward: -13925.930152001058
