Episode: 648
Steps Taken: 2816
terminal_reward: -7592.330715066532
mean_reward: -13386.008594564093
