Episode: 1043
Steps Taken: 2816
terminal_reward: -5511.634230801717
mean_reward: -114714.51258806685
