Episode: 656
Steps Taken: 2816
terminal_reward: -355.70784554216965
mean_reward: -12342.33481517143
