Episode: 672
Steps Taken: 2816
terminal_reward: -13813.061469529854
mean_reward: -8837.311277493502
