Episode: 385
Steps Taken: 2816
terminal_reward: -12912.295376756922
mean_reward: -14005.512569464629
