Episode: 376
Steps Taken: 2816
terminal_reward: -698.5174872097394
mean_reward: -16977.869745177893
