Episode: 1025
Steps Taken: 2816
terminal_reward: -2523.4767180925846
mean_reward: -174936.076360693
