Episode: 604
Steps Taken: 2816
terminal_reward: -1442.6688934979352
mean_reward: -15494.997859418305
