Episode: 702
Steps Taken: 2816
terminal_reward: -13201.247397327785
mean_reward: -12829.718489719096
