Episode: 209
Steps Taken: 2816
terminal_reward: -741.88786685809
mean_reward: -10521.287725680222
