Episode: 507
Steps Taken: 2816
terminal_reward: -7701.463299856961
mean_reward: -15631.30540396107
