Episode: 628
Steps Taken: 2816
terminal_reward: -1655.938039816767
mean_reward: -14575.236116601567
