Episode: 739
Steps Taken: 2816
terminal_reward: -119.28830584849649
mean_reward: -12762.816009690046
