Episode: 174
Steps Taken: 2816
terminal_reward: -2523.4767180925846
mean_reward: -18024.386609483834
