Episode: 1042
Steps Taken: 2816
terminal_reward: -286287.4715091572
mean_reward: -105047.401252657
