Episode: 256
Steps Taken: 2816
terminal_reward: -343.4616586108647
mean_reward: -14287.754433249242
