Episode: 1036
Steps Taken: 2816
terminal_reward: -2523.4767180925846
mean_reward: -119887.92420708785
