Episode: 575
Steps Taken: 2816
terminal_reward: -1943.9176420942656
mean_reward: -12513.054361362018
