Episode: 131
Steps Taken: 2816
terminal_reward: -2523.4767180925846
mean_reward: -18633.27435462185
