Episode: 172
Steps Taken: 2816
terminal_reward: -1383.4842865092714
mean_reward: -17136.65576122429
