Episode: 548
Steps Taken: 2816
terminal_reward: -357.9581283217105
mean_reward: -18647.670920185938
