Episode: 296
Steps Taken: 2816
terminal_reward: -2523.4767180925846
mean_reward: -14253.691700243502
