Episode: 662
Steps Taken: 2816
terminal_reward: -1309.4686736061199
mean_reward: -12934.729935247422
