Episode: 757
Steps Taken: 2816
terminal_reward: -5635.051696896476
mean_reward: -15346.022321969447
