Episode: 1052
Steps Taken: 2816
terminal_reward: -286287.4715091572
mean_reward: -155560.21638749307
