Episode: 1010
Steps Taken: 2816
terminal_reward: -2523.4767180925846
mean_reward: -151108.06074097438
