Episode: 10
Steps Taken: 2816
terminal_reward: -2.5498296330411776
mean_reward: -8717.12266192846
