Episode: 529
Steps Taken: 2816
terminal_reward: -5704.5212916285045
mean_reward: -16856.005823578642
