Episode: 288
Steps Taken: 2816
terminal_reward: -9706.896092392362
mean_reward: -13454.483879584335
