Episode: 545
Steps Taken: 2816
terminal_reward: -4146.159851489578
mean_reward: -14384.662620224843
