Episode: 650
Steps Taken: 2816
terminal_reward: -236.09301559997854
mean_reward: -17438.448405578583
