Episode: 133
Steps Taken: 2816
terminal_reward: -2523.4767180925846
mean_reward: -18889.246820818862
