Episode: 499
Steps Taken: 2816
terminal_reward: -833.0796151682769
mean_reward: -15066.592093944608
