Episode: 479
Steps Taken: 2816
terminal_reward: -2523.4767180925846
mean_reward: -11700.446054318001
