Episode: 494
Steps Taken: 2816
terminal_reward: -2523.4767180925846
mean_reward: -15720.512309062506
