Episode: 388
Steps Taken: 2816
terminal_reward: -6695.638520073186
mean_reward: -16814.73283210173
