Episode: 1006
Steps Taken: 2816
terminal_reward: -286287.4715091572
mean_reward: -117598.77130583348
