Episode: 141
Steps Taken: 2816
terminal_reward: -6948.0029117269305
mean_reward: -15243.658103161906
