Episode: 740
Steps Taken: 2816
terminal_reward: -32.28036723423255
mean_reward: -13780.11027873266
