Episode: 612
Steps Taken: 2816
terminal_reward: -857.3663377345549
mean_reward: -13629.801282181992
