Episode: 606
Steps Taken: 2816
terminal_reward: -2523.4767180925846
mean_reward: -16663.14044634841
