Episode: 274
Steps Taken: 2816
terminal_reward: -14995.73678564004
mean_reward: -13975.248787625786
