Episode: 213
Steps Taken: 2816
terminal_reward: -2488.990288398004
mean_reward: -17462.267200740225
