Episode: 120
Steps Taken: 2816
terminal_reward: -1937.8060575851052
mean_reward: -15857.17911448317
