Episode: 78
Steps Taken: 2816
terminal_reward: -262.5074417760845
mean_reward: -15643.892648506568
