Episode: 60
Steps Taken: 2816
terminal_reward: -27.916232437772635
mean_reward: -11912.863326875891
