Episode: 396
Steps Taken: 2816
terminal_reward: -2523.4767180925846
mean_reward: -18081.647502096206
