Episode: 280
Steps Taken: 2816
terminal_reward: -730.1192335205326
mean_reward: -15963.197958212957
