Episode: 330
Steps Taken: 2816
terminal_reward: -2523.4767180925846
mean_reward: -16358.761581649525
