Episode: 555
Steps Taken: 2816
terminal_reward: -1017.183771156033
mean_reward: -17169.171497112085
