Episode: 504
Steps Taken: 2816
terminal_reward: -2523.4767180925846
mean_reward: -12408.81285517337
