Episode: 343
Steps Taken: 2816
terminal_reward: -2523.4767180925846
mean_reward: -14829.664325905567
