Episode: 491
Steps Taken: 2816
terminal_reward: -2315.8345435405913
mean_reward: -12302.02125355469
