Episode: 31
Steps Taken: 2816
terminal_reward: -2523.4767180925846
mean_reward: -14145.890328636695
