Episode: 301
Steps Taken: 2816
terminal_reward: -2523.4767180925846
mean_reward: -18837.683454682006
