Episode: 1
Steps Taken: 2816
terminal_reward: -28230.344507776892
mean_reward: -83365.32474721182
