Episode: 688
Steps Taken: 2816
terminal_reward: -18.240427954971096
mean_reward: -15605.318267291352
