Episode: 1057
Steps Taken: 2816
terminal_reward: -73498.72425849175
mean_reward: -64178.054017553564
