Episode: 524
Steps Taken: 2816
terminal_reward: -714.6328970747038
mean_reward: -11796.96297841644
