Episode: 639
Steps Taken: 2816
terminal_reward: -22.342462427850734
mean_reward: -16278.282244158043
