Episode: 538
Steps Taken: 2816
terminal_reward: -2172.453078524467
mean_reward: -17800.568881038085
