Episode: 166
Steps Taken: 2816
terminal_reward: -2523.4767180925846
mean_reward: -15321.418108901322
