Episode: 391
Steps Taken: 2816
terminal_reward: -1087.8465330286356
mean_reward: -17923.317013207798
