Episode: 1051
Steps Taken: 2816
terminal_reward: -286287.4715091572
mean_reward: -132600.46045517043
