Episode: 190
Steps Taken: 2816
terminal_reward: -2000.533028914407
mean_reward: -16776.37516517148
