Episode: 724
Steps Taken: 2816
terminal_reward: -2523.4767180925846
mean_reward: -13642.74389827163
