Episode: 337
Steps Taken: 2816
terminal_reward: -35301.179584819874
mean_reward: -16972.494496323794
