Episode: 686
Steps Taken: 2816
terminal_reward: -2274.0577326970442
mean_reward: -14282.33714313032
