Episode: 76
Steps Taken: 2816
terminal_reward: -441.21080627762865
mean_reward: -16199.13459557295
