Episode: 8
Steps Taken: 2816
terminal_reward: -2523.4767180925846
mean_reward: -12256.00032863072
