Episode: 129
Steps Taken: 2816
terminal_reward: -17060.926447955393
mean_reward: -12783.729504082039
