Episode: 749
Steps Taken: 2816
terminal_reward: -17.88459829725747
mean_reward: -15058.134036769909
