Episode: 638
Steps Taken: 2816
terminal_reward: -226.22923225397744
mean_reward: -12571.404205664738
