Episode: 613
Steps Taken: 2816
terminal_reward: -2523.4767180925846
mean_reward: -15355.932634887222
