Episode: 92
Steps Taken: 2816
terminal_reward: -2523.4767180925846
mean_reward: -12379.758479116485
