Episode: 666
Steps Taken: 2816
terminal_reward: -0.43364674313761487
mean_reward: -17895.586536749524
