Episode: 1033
Steps Taken: 2816
terminal_reward: -260693.4491512612
mean_reward: -191977.4896074026
