Episode: 605
Steps Taken: 2816
terminal_reward: -2060.994874662277
mean_reward: -16111.58760918699
