Episode: 292
Steps Taken: 2816
terminal_reward: -7688.375374191694
mean_reward: -16022.309177287947
