Episode: 127
Steps Taken: 2816
terminal_reward: -4102.323258054173
mean_reward: -12422.806297067471
