Episode: 96
Steps Taken: 2816
terminal_reward: -182.69256622022377
mean_reward: -12323.684325634315
