Episode: 549
Steps Taken: 2816
terminal_reward: -6512.067365234739
mean_reward: -16684.958787810585
