Episode: 517
Steps Taken: 2816
terminal_reward: -2523.4767180925846
mean_reward: -16705.090147357005
