Episode: 349
Steps Taken: 2816
terminal_reward: -46.11657539667764
mean_reward: -15208.860972597648
