Episode: 304
Steps Taken: 2816
terminal_reward: -5661.175186072015
mean_reward: -18877.327859543147
