Episode: 11
Steps Taken: 2816
terminal_reward: -305.91474271269936
mean_reward: -9987.885582831079
