Episode: 536
Steps Taken: 2816
terminal_reward: -17102.880419735626
mean_reward: -17556.086124173427
