Episode: 1030
Steps Taken: 2816
terminal_reward: -237766.90724555196
mean_reward: -151731.39390009272
