Episode: 445
Steps Taken: 2816
terminal_reward: -4166.532270812795
mean_reward: -13716.84299655646
