Episode: 1011
Steps Taken: 2816
terminal_reward: -286287.4715091572
mean_reward: -222830.8228782328
