Episode: 188
Steps Taken: 2816
terminal_reward: -3928.7800686287633
mean_reward: -14789.621298334474
