Episode: 173
Steps Taken: 2816
terminal_reward: -2523.4767180925846
mean_reward: -15480.275896401972
