Episode: 731
Steps Taken: 2816
terminal_reward: -2166.425984780972
mean_reward: -11393.139033919004
