Episode: 69
Steps Taken: 2816
terminal_reward: -2523.4767180925846
mean_reward: -18250.83111314122
