Episode: 237
Steps Taken: 2816
terminal_reward: -4521.941319979514
mean_reward: -10764.842537061066
