Episode: 1050
Steps Taken: 2816
terminal_reward: -226359.26375102325
mean_reward: -125462.10158988941
