Episode: 764
Steps Taken: 2816
terminal_reward: -143133.2721642574
mean_reward: -88350.1931229932
