Episode: 299
Steps Taken: 2816
terminal_reward: -911.1149913757349
mean_reward: -16265.546257053642
