Episode: 738
Steps Taken: 2816
terminal_reward: -26860.909353029016
mean_reward: -9758.380369766333
