Episode: 663
Steps Taken: 2816
terminal_reward: -948.0868262661784
mean_reward: -11406.884774180402
