Episode: 48
Steps Taken: 2816
terminal_reward: -1052.6573513154324
mean_reward: -14030.160237155045
