Episode: 608
Steps Taken: 2816
terminal_reward: -8196.38368181785
mean_reward: -16267.38223051569
