Episode: 379
Steps Taken: 2816
terminal_reward: -97.5495702524662
mean_reward: -10653.661328247457
