Episode: 450
Steps Taken: 2816
terminal_reward: -201.36230384234057
mean_reward: -14936.355345449718
