Episode: 609
Steps Taken: 2816
terminal_reward: -2502.718879087435
mean_reward: -12744.489591904845
