Episode: 257
Steps Taken: 2816
terminal_reward: -17.50182785489299
mean_reward: -17459.96666225345
