Episode: 287
Steps Taken: 2816
terminal_reward: -19.330807355862195
mean_reward: -14432.41147299081
