Episode: 1040
Steps Taken: 2816
terminal_reward: -25978.88969703974
mean_reward: -144264.66066909803
