Episode: 698
Steps Taken: 2816
terminal_reward: -902.5709492770108
mean_reward: -13690.97393748135
