Episode: 1018
Steps Taken: 2816
terminal_reward: -158188.6608308852
mean_reward: -143541.6551859479
