Episode: 674
Steps Taken: 2816
terminal_reward: -6296.863916326897
mean_reward: -15069.280336925956
