Episode: 264
Steps Taken: 2816
terminal_reward: -37627.10810946621
mean_reward: -40439.20872275724
