Episode: 466
Steps Taken: 2816
terminal_reward: -15834.492878622203
mean_reward: -12239.00748877438
