Episode: 193
Steps Taken: 2816
terminal_reward: -2523.4767180925846
mean_reward: -13778.20416453294
