Episode: 1016
Steps Taken: 2816
terminal_reward: -206881.13707784584
mean_reward: -175274.0662625871
