Episode: 253
Steps Taken: 2816
terminal_reward: -1625.897441544926
mean_reward: -12771.769394381636
