Episode: 697
Steps Taken: 2816
terminal_reward: -5150.011615725858
mean_reward: -12737.781614743768
