Episode: 294
Steps Taken: 2816
terminal_reward: -2523.4767180925846
mean_reward: -12926.562323234366
