Episode: 307
Steps Taken: 2816
terminal_reward: -3156.527399283536
mean_reward: -13511.158487371787
