Episode: 733
Steps Taken: 2816
terminal_reward: -2523.4767180925846
mean_reward: -15610.739580986306
