Episode: 265
Steps Taken: 2816
terminal_reward: -757.9735037122099
mean_reward: -99354.55690036272
