Episode: 336
Steps Taken: 2816
terminal_reward: -2523.4767180925846
mean_reward: -13669.734134994897
