Episode: 151
Steps Taken: 2816
terminal_reward: -2523.4767180925846
mean_reward: -15233.532164120867
