Episode: 610
Steps Taken: 2816
terminal_reward: -2523.4767180925846
mean_reward: -14431.133328214153
