Episode: 369
Steps Taken: 2816
terminal_reward: -2456.839765867601
mean_reward: -13202.925137580167
