Episode: 695
Steps Taken: 2816
terminal_reward: -1316.5055361245022
mean_reward: -10649.34511650041
