Episode: 760
Steps Taken: 2816
terminal_reward: -2500.0118597552764
mean_reward: -16282.899659386365
