Episode: 637
Steps Taken: 2816
terminal_reward: -2523.4767180925846
mean_reward: -17652.168431263475
