Episode: 181
Steps Taken: 2816
terminal_reward: -3450.855351027592
mean_reward: -11218.008114621543
