Episode: 81
Steps Taken: 2816
terminal_reward: -2523.4767180925846
mean_reward: -17848.865426771885
