Episode: 1039
Steps Taken: 2816
terminal_reward: -80699.04957949091
mean_reward: -36806.86392842156
