Episode: 33
Steps Taken: 2816
terminal_reward: -345.7287068472234
mean_reward: -14056.131055568236
