Episode: 118
Steps Taken: 2816
terminal_reward: -1047.8933853992523
mean_reward: -14559.208839164785
