Episode: 566
Steps Taken: 2816
terminal_reward: -2523.4767180925846
mean_reward: -16550.725201161822
