Episode: 1053
Steps Taken: 2816
terminal_reward: -286287.4715091572
mean_reward: -174873.9264011963
