Episode: 426
Steps Taken: 2816
terminal_reward: -258.71495542421553
mean_reward: -14920.390291063355
