Episode: 261
Steps Taken: 2816
terminal_reward: -1248.1112920014127
mean_reward: -13910.7356640434
