Episode: 758
Steps Taken: 2816
terminal_reward: -2523.4767180925846
mean_reward: -14748.354584321682
