Episode: 35
Steps Taken: 2816
terminal_reward: -35301.5177805764
mean_reward: -16550.424805688173
