Episode: 130
Steps Taken: 2816
terminal_reward: -3836.548908166653
mean_reward: -14827.061461040936
