Episode: 616
Steps Taken: 2816
terminal_reward: -2245.3968498594086
mean_reward: -14782.997709759436
