Episode: 535
Steps Taken: 2816
terminal_reward: -2523.4767180925846
mean_reward: -17516.93050495908
