Episode: 393
Steps Taken: 2816
terminal_reward: -469.5100852954557
mean_reward: -13329.816407068407
