Episode: 84
Steps Taken: 2816
terminal_reward: -2523.4767180925846
mean_reward: -13131.733960108639
