Episode: 320
Steps Taken: 2816
terminal_reward: -1604.6659089289192
mean_reward: -14984.450197159698
