Episode: 766
Steps Taken: 2816
terminal_reward: -2523.4767180925846
mean_reward: -20085.649736310243
