Episode: 492
Steps Taken: 2816
terminal_reward: -67.15608120248085
mean_reward: -11355.601252620467
