Episode: 230
Steps Taken: 2816
terminal_reward: -407.6393870431255
mean_reward: -10193.917040635346
