Episode: 246
Steps Taken: 2816
terminal_reward: -29.230443344163
mean_reward: -15882.692963497595
