Episode: 194
Steps Taken: 2816
terminal_reward: -3824.1832998724167
mean_reward: -9829.2464422808
