Episode: 374
Steps Taken: 2816
terminal_reward: -53782.749677317755
mean_reward: -12142.96439930791
