Episode: 408
Steps Taken: 2816
terminal_reward: -23400.18233970345
mean_reward: -14991.319863255141
