Episode: 266
Steps Taken: 2816
terminal_reward: -2523.4767180925846
mean_reward: -16849.03156756087
