Episode: 36
Steps Taken: 2816
terminal_reward: -2523.4767180925846
mean_reward: -18109.943704012512
