Episode: 1037
Steps Taken: 2816
terminal_reward: -8166.534725954998
mean_reward: -157477.91688788214
