Episode: 235
Steps Taken: 2816
terminal_reward: -423.2352200923856
mean_reward: -9979.602198940926
