Episode: 162
Steps Taken: 2816
terminal_reward: -13758.581846159052
mean_reward: -11356.502882970915
