Episode: 665
Steps Taken: 2816
terminal_reward: -2017.94847570933
mean_reward: -14046.853932757407
