Episode: 710
Steps Taken: 2816
terminal_reward: -2523.4767180925846
mean_reward: -18348.131295827774
