Episode: 5000
Steps Taken: 67584
terminal_reward: -85.33140625000001
mean_reward: -7011.124307003011
