Episode: 557
Steps Taken: 2816
terminal_reward: -2523.4767180925846
mean_reward: -14840.373785773454
