Episode: 383
Steps Taken: 2816
terminal_reward: -40792.196540371944
mean_reward: -8862.07457516553
