Episode: 670
Steps Taken: 2816
terminal_reward: -13107.95584156492
mean_reward: -15930.491924300237
