Episode: 576
Steps Taken: 2816
terminal_reward: -2523.4767180925846
mean_reward: -17386.566555318364
