Episode: 618
Steps Taken: 2816
terminal_reward: -31.101606178530716
mean_reward: -13764.45253220175
