Episode: 221
Steps Taken: 2816
terminal_reward: -216.8379528690104
mean_reward: -14379.21214471354
