Episode: 543
Steps Taken: 2816
terminal_reward: -2523.4767180925846
mean_reward: -15000.089430170796
