Episode: 339
Steps Taken: 2816
terminal_reward: -51.72028139632851
mean_reward: -15288.894805893731
