Episode: 316
Steps Taken: 2816
terminal_reward: -33.62470600871864
mean_reward: -10755.1062355999
