Episode: 646
Steps Taken: 2816
terminal_reward: -12460.359724090897
mean_reward: -13338.222962080657
