Episode: 149
Steps Taken: 2816
terminal_reward: -636.4510456493202
mean_reward: -15074.837991139892
