Episode: 1060
Steps Taken: 2816
terminal_reward: -2523.4767180925846
mean_reward: -148736.0215204762
