Episode: 678
Steps Taken: 2816
terminal_reward: -550.6681085152494
mean_reward: -13531.080026878304
