Episode: 215
Steps Taken: 2816
terminal_reward: -2523.4767180925846
mean_reward: -14822.48138962241
