Episode: 302
Steps Taken: 2816
terminal_reward: -16173.603069979976
mean_reward: -15430.772207460157
