Episode: 1034
Steps Taken: 2816
terminal_reward: -640.4553131372013
mean_reward: -128332.44916791547
