Episode: 72
Steps Taken: 2816
terminal_reward: -2951.518697693655
mean_reward: -17478.424872417883
