Episode: 522
Steps Taken: 2816
terminal_reward: -2833.313815370767
mean_reward: -13228.8851216805
