Episode: 381
Steps Taken: 2816
terminal_reward: -2523.4767180925846
mean_reward: -18379.198437725325
