Episode: 64
Steps Taken: 2816
terminal_reward: -286287.4715091572
mean_reward: -74223.68810827335
