Episode: 756
Steps Taken: 2816
terminal_reward: -338.4245379374906
mean_reward: -13562.328889664192
