Episode: 526
Steps Taken: 2816
terminal_reward: -1967.2313125297096
mean_reward: -12224.046211992745
