Episode: 248
Steps Taken: 2816
terminal_reward: -2523.4767180925846
mean_reward: -10638.859553565744
