Episode: 752
Steps Taken: 2816
terminal_reward: -33305.80521342956
mean_reward: -12218.40578348678
