Episode: 1019
Steps Taken: 2816
terminal_reward: -286287.4715091572
mean_reward: -51007.584293591
