Episode: 329
Steps Taken: 2816
terminal_reward: -2267.7578697456215
mean_reward: -16290.188552606076
