Episode: 377
Steps Taken: 2816
terminal_reward: -2523.4767180925846
mean_reward: -15187.213980956258
