Episode: 354
Steps Taken: 2816
terminal_reward: -1448.2909964614544
mean_reward: -14094.122234974964
