Episode: 1013
Steps Taken: 2816
terminal_reward: -2541.347704182306
mean_reward: -31515.09050543592
