Episode: 27
Steps Taken: 2816
terminal_reward: -568.9474139536101
mean_reward: -12490.895010181992
