Episode: 711
Steps Taken: 2816
terminal_reward: -4447.126813836543
mean_reward: -15688.186363579669
