Episode: 364
Steps Taken: 2816
terminal_reward: -4469.561796387811
mean_reward: -11687.921540728888
