Episode: 4
Steps Taken: 2816
terminal_reward: -29.524211062142708
mean_reward: -9956.236189090714
