Episode: 247
Steps Taken: 2816
terminal_reward: -2523.4767180925846
mean_reward: -15392.40338193529
