Episode: 723
Steps Taken: 2816
terminal_reward: -2523.4767180925846
mean_reward: -18720.97249428453
