Episode: 413
Steps Taken: 2816
terminal_reward: -10137.203700777824
mean_reward: -13130.55712935821
