Episode: 270
Steps Taken: 2816
terminal_reward: -2523.4767180925846
mean_reward: -10202.567403280298
