Episode: 684
Steps Taken: 2816
terminal_reward: -3968.430677143796
mean_reward: -14069.991468519625
