Episode: 210
Steps Taken: 2816
terminal_reward: -7353.779628027953
mean_reward: -14973.820301541307
