Episode: 748
Steps Taken: 2816
terminal_reward: -1133.3469432115419
mean_reward: -15180.56957665907
