Episode: 156
Steps Taken: 2816
terminal_reward: -170.11414671569258
mean_reward: -13549.620879374059
