Episode: 1008
Steps Taken: 2816
terminal_reward: -286287.4715091572
mean_reward: -175948.89956630333
