Episode: 417
Steps Taken: 2816
terminal_reward: -4257.92548077392
mean_reward: -13185.34347538469
