Episode: 1059
Steps Taken: 2816
terminal_reward: -286287.4715091572
mean_reward: -158791.90654932163
