Episode: 523
Steps Taken: 2816
terminal_reward: -2523.4767180925846
mean_reward: -16056.794419471104
