Episode: 259
Steps Taken: 2816
terminal_reward: -2452.668037411698
mean_reward: -11638.5474340586
