Episode: 322
Steps Taken: 2816
terminal_reward: -672.2498484603829
mean_reward: -18853.77666048956
