Episode: 1012
Steps Taken: 2816
terminal_reward: -2225.460000381953
mean_reward: -124661.29298331085
