Episode: 1026
Steps Taken: 2816
terminal_reward: -286287.4715091572
mean_reward: -114043.946007639
