Episode: 91
Steps Taken: 2816
terminal_reward: -2523.4767180925846
mean_reward: -15178.966540541918
