Episode: 1009
Steps Taken: 2816
terminal_reward: -286287.4715091572
mean_reward: -44926.31605243167
