Episode: 68
Steps Taken: 2816
terminal_reward: -2523.4767180925846
mean_reward: -12365.164671546087
