Episode: 269
Steps Taken: 2816
terminal_reward: -312.6148824483134
mean_reward: -16330.254301876172
