Episode: 533
Steps Taken: 2816
terminal_reward: -12385.615767052323
mean_reward: -15140.59516736305
