Episode: 751
Steps Taken: 2816
terminal_reward: -7121.820863905656
mean_reward: -12986.550341625454
