Episode: 332
Steps Taken: 2816
terminal_reward: -768.3550796511173
mean_reward: -15619.973545140896
