Episode: 532
Steps Taken: 2816
terminal_reward: -5687.570250915483
mean_reward: -11465.885732127239
