Episode: 518
Steps Taken: 2816
terminal_reward: -973.5472434320927
mean_reward: -15755.738946159829
