Episode: 205
Steps Taken: 2816
terminal_reward: -281.50861930254547
mean_reward: -14897.626257689448
