Episode: 744
Steps Taken: 2816
terminal_reward: -1.4340507911478577
mean_reward: -18967.540303111702
