Episode: 570
Steps Taken: 2816
terminal_reward: -494.812503983798
mean_reward: -15412.99309161206
