Episode: 355
Steps Taken: 2816
terminal_reward: -37298.53307751718
mean_reward: -15678.483575023069
