Episode: 556
Steps Taken: 2816
terminal_reward: -934.8539479137177
mean_reward: -15650.985538471628
