Episode: 182
Steps Taken: 2816
terminal_reward: -78.94111753805221
mean_reward: -13940.852704041685
