Episode: 704
Steps Taken: 2816
terminal_reward: -53789.89277578495
mean_reward: -15015.834057028858
