Episode: 546
Steps Taken: 2816
terminal_reward: -2074.919237417749
mean_reward: -13564.830841602216
