Episode: 254
Steps Taken: 2816
terminal_reward: -2523.4767180925846
mean_reward: -13085.507945171235
