Episode: 534
Steps Taken: 2816
terminal_reward: -9693.147072468559
mean_reward: -16335.616359039339
