Episode: 164
Steps Taken: 2816
terminal_reward: -14573.096614684644
mean_reward: -69756.74004157638
