Episode: 1046
Steps Taken: 2816
terminal_reward: -180811.69240819206
mean_reward: -84657.90967871391
