Episode: 703
Steps Taken: 2816
terminal_reward: -2523.4767180925846
mean_reward: -16322.210070682822
