Episode: 271
Steps Taken: 2816
terminal_reward: -2289.509441168051
mean_reward: -15390.757763451227
