Episode: 436
Steps Taken: 2816
terminal_reward: -2523.4767180925846
mean_reward: -14025.801408441377
