Episode: 611
Steps Taken: 2816
terminal_reward: -2523.4767180925846
mean_reward: -15393.214576959674
