Episode: 177
Steps Taken: 2816
terminal_reward: -6.504955384946698
mean_reward: -12272.453221911395
