Episode: 281
Steps Taken: 2816
terminal_reward: -14.873991441067282
mean_reward: -16725.916242034637
