Episode: 55
Steps Taken: 2816
terminal_reward: -599.7952974176274
mean_reward: -13381.061912785337
