Episode: 359
Steps Taken: 2816
terminal_reward: -2523.4767180925846
mean_reward: -11198.353842726518
