Episode: 363
Steps Taken: 2816
terminal_reward: -2332.6370503470425
mean_reward: -15148.266666354799
