Episode: 22
Steps Taken: 2816
terminal_reward: -1662.2484620313267
mean_reward: -11062.30189317143
