Episode: 1041
Steps Taken: 2816
terminal_reward: -286287.4715091572
mean_reward: -127117.33594266987
