Episode: 411
Steps Taken: 2816
terminal_reward: -31946.58679515253
mean_reward: -17927.385808864194
