Episode: 1035
Steps Taken: 2816
terminal_reward: -2523.4767180925846
mean_reward: -179946.81848601234
