Episode: 1032
Steps Taken: 2816
terminal_reward: -286287.4715091572
mean_reward: -116436.51017718184
