Episode: 291
Steps Taken: 2816
terminal_reward: -55326.08747621978
mean_reward: -18262.55358454669
