Episode: 692
Steps Taken: 2816
terminal_reward: -86.01971511950963
mean_reward: -12167.545724049938
