Episode: 195
Steps Taken: 2816
terminal_reward: -2567.852391189823
mean_reward: -10267.424721823632
