Episode: 1047
Steps Taken: 2816
terminal_reward: -175310.17686686513
mean_reward: -103970.55560064047
