Episode: 13
Steps Taken: 2816
terminal_reward: -4051.8038868484446
mean_reward: -9478.140012322394
