Episode: 75
Steps Taken: 2816
terminal_reward: -2523.4767180925846
mean_reward: -14549.640306446532
