Episode: 323
Steps Taken: 2816
terminal_reward: -609.8075339901982
mean_reward: -10632.411814768302
