Episode: 403
Steps Taken: 2816
terminal_reward: -2351.5886425442964
mean_reward: -13148.463525777195
