Episode: 1021
Steps Taken: 2816
terminal_reward: -2523.4767180925846
mean_reward: -189979.52588179286
