Episode: 238
Steps Taken: 2816
terminal_reward: -2523.4767180925846
mean_reward: -14500.869222911435
