Episode: 729
Steps Taken: 2816
terminal_reward: -2523.4767180925846
mean_reward: -15991.097321241872
