Episode: 319
Steps Taken: 2816
terminal_reward: -39450.572323191125
mean_reward: -15070.879269158135
