Episode: 126
Steps Taken: 2816
terminal_reward: -4277.4584126632935
mean_reward: -9778.950187939896
