Episode: 80
Steps Taken: 2816
terminal_reward: -1334.0915935887392
mean_reward: -18301.591627766215
