Episode: 736
Steps Taken: 2816
terminal_reward: -7466.667604009306
mean_reward: -17120.847195401566
