Episode: 516
Steps Taken: 2816
terminal_reward: -153.11633624910078
mean_reward: -15483.531589884245
