Episode: 57
Steps Taken: 2816
terminal_reward: -859.6730374806609
mean_reward: -15025.708318374569
