Episode: 415
Steps Taken: 2816
terminal_reward: -7514.719431924019
mean_reward: -11335.09690323644
