Episode: 219
Steps Taken: 2816
terminal_reward: -4646.09660600558
mean_reward: -13924.637898151135
