Episode: 584
Steps Taken: 2816
terminal_reward: -52859.88705227416
mean_reward: -16209.156431615202
