Episode: 334
Steps Taken: 2816
terminal_reward: -3092.781455332025
mean_reward: -13498.934251875844
