Episode: 1015
Steps Taken: 2816
terminal_reward: -249989.88150497392
mean_reward: -113990.53956594277
