Episode: 170
Steps Taken: 2816
terminal_reward: -6776.299453075649
mean_reward: -8978.574686254899
