Episode: 352
Steps Taken: 2816
terminal_reward: -115.6115553604374
mean_reward: -16647.692907810317
