Episode: 371
Steps Taken: 2816
terminal_reward: -11472.398162578762
mean_reward: -16578.452084451743
