Episode: 519
Steps Taken: 2816
terminal_reward: -918.1252333348554
mean_reward: -8205.039970509953
