Episode: 594
Steps Taken: 2816
terminal_reward: -1398.7763511342105
mean_reward: -15816.24157834992
