Episode: 1049
Steps Taken: 2816
terminal_reward: -286287.4715091572
mean_reward: -167536.03541225928
