Episode: 1004
Steps Taken: 2816
terminal_reward: -286287.4715091572
mean_reward: -175919.7670426633
