Episode: 712
Steps Taken: 2816
terminal_reward: -1378.2196945248133
mean_reward: -14055.19476696293
