Episode: 99
Steps Taken: 2816
terminal_reward: -1058.232220284117
mean_reward: -10097.291024550766
