Episode: 1031
Steps Taken: 2816
terminal_reward: -286287.4715091572
mean_reward: -36822.51128078126
