Episode: 284
Steps Taken: 2816
terminal_reward: -3056.196976172598
mean_reward: -10937.357975498648
