Episode: 421
Steps Taken: 2816
terminal_reward: -2523.4767180925846
mean_reward: -16275.465681758804
