Episode: 395
Steps Taken: 2816
terminal_reward: -1231.8428312094084
mean_reward: -14990.016775315964
