Episode: 405
Steps Taken: 2816
terminal_reward: -5693.60512942769
mean_reward: -10339.510614521547
