Episode: 547
Steps Taken: 2816
terminal_reward: -110.78022652330966
mean_reward: -15800.111562674654
