Episode: 483
Steps Taken: 2816
terminal_reward: -530.7364781735478
mean_reward: -12282.975016955077
