Episode: 690
Steps Taken: 2816
terminal_reward: -2523.4767180925846
mean_reward: -14420.630945706775
