Episode: 586
Steps Taken: 2816
terminal_reward: -54.860961734969926
mean_reward: -14608.666184038442
