Episode: 232
Steps Taken: 2816
terminal_reward: -2523.4767180925846
mean_reward: -17260.095774048757
