Episode: 23
Steps Taken: 2816
terminal_reward: -1.7590223588504958
mean_reward: -15182.928237768334
