Episode: 201
Steps Taken: 2816
terminal_reward: -4919.560879330254
mean_reward: -13142.047265088842
