Episode: 303
Steps Taken: 2816
terminal_reward: -2523.4767180925846
mean_reward: -14483.856801881477
