Episode: 357
Steps Taken: 2816
terminal_reward: -2523.4767180925846
mean_reward: -16483.458122163996
