Episode: 475
Steps Taken: 2816
terminal_reward: -156.80502707931802
mean_reward: -15999.332799870941
