Episode: 71
Steps Taken: 2816
terminal_reward: -42.95122745406532
mean_reward: -11304.698337433267
