date,action,truth,reward
134,0.0,13.166746139526367,-173.3632039027325
135,0.0,118.01041412353516,-13926.457841608266
136,0.0,174.13485717773438,-30322.94848430995
137,0.0,174.8587188720703,-30575.57156558172
138,0.0,165.12806701660156,-27267.278516639257
139,0.0,148.26364135742188,-21982.10734856222
140,4.1135,111.55013275146484,-11542.630056973128
141,0.0,159.99717712402344,-25599.09668765613
142,7.4892,95.52307891845703,-7749.963837429554
143,10.7277,194.7088623046875,-33849.068082983766
144,10.3201,165.5483856201172,-24095.82065656068
145,4.287,51.9197883605957,-2268.8825270053017
146,6.8485,193.713623046875,-34918.574211323736
147,7.0414,150.2818603515625,-20517.829481727545
148,8.0211,81.00711822509766,-5326.958856354287
149,0.0,60.43674087524414,-3652.599647621406
150,0.0,211.06158447265625,-44546.99244010821
151,0.0,167.15084838867188,-27939.40611705277
152,0.0,208.8307342529297,-43610.27556861774
153,0.0,41.95718002319336,-1760.404955498656
154,0.0,207.55711364746094,-43079.955425665015
155,0.0,130.22340393066406,-16958.134931288892
156,0.0,182.47561645507812,-33297.35060066078
157,0.0,207.6298828125,-43110.16823673248
158,0.0,210.62716674804688,-44363.80337230954
159,0.0,167.01898193359375,-27895.340326134115
160,0.0,43.84252166748047,-1922.1667061634944
161,0.0,94.05386352539062,-8846.129244052805
162,0.0,90.2568588256836,-8146.300565079378
163,0.0,160.43154907226562,-25738.281937726773
164,0.0,138.06423950195312,-19061.734229252674
165,0.0,128.07376098632812,-16402.888253183104
166,0.0,110.84044647216797,-12285.604574149533
167,1.2462,211.41033935546875,-44168.965471024894
168,1.952,119.28963470458984,-13768.120518067768
169,0.0,76.11311340332031,-5793.206031946698
170,0.0,153.77157592773438,-23645.697563298978
171,0.0,151.21200561523438,-22865.070642181672
172,0.0,172.3614044189453,-29708.45373327122
173,0.0,56.836387634277344,-3230.3749593138346
174,0.0,84.30571746826172,-7107.453997838369
175,0.0,189.284423828125,-35828.593103945255
176,0.0,44.279720306396484,-1960.6936304127012
177,0.0,192.98143005371094,-37241.83234557533
178,0.0,171.6184844970703,-29452.904221071163
179,0.0,228.52651977539062,-52224.370240652
180,0.0,234.51661682128906,-54998.04356530332
181,0.0,226.02517700195312,-51087.38063876424
182,0.0,219.55517578125,-48204.47521233559
183,0.0,223.03317260742188,-49743.79608333204
184,0.0,123.8450698852539,-15337.601334883424
185,0.0,232.02378845214844,-53835.03840768733
186,0.0,161.9982147216797,-26243.421573011437
187,0.0,182.90879821777344,-33455.62846547016
188,0.0,146.94772338867188,-21593.633409113623
189,0.0,182.9734649658203,-33479.28888159827
190,0.0,219.53836059570312,-48197.091773048975
191,0.0,171.07498168945312,-29266.649360046722
192,0.0,150.3504180908203,-22605.248220084468
193,0.0,108.57838439941406,-11789.265558786923
194,0.0,181.39517211914062,-32904.20846813265
195,0.0,165.3652801513672,-27345.675879540155
196,0.0,201.74078369140625,-40699.343804422766
197,0.0,147.0567169189453,-21625.677990978817
198,0.0,201.22283935546875,-40490.63107827678
199,0.0,207.8232879638672,-43190.519020112464
200,0.0,212.19427490234375,-45026.41030133143
201,0.0,222.1070556640625,-49331.54417575896
202,0.0,192.1844940185547,-36934.87974116788
203,0.0,177.6935272216797,-31574.98961648182
204,0.0,91.58320617675781,-8387.48365361453
205,0.0,116.06723022460938,-13471.601932012476
206,0.0,221.978271484375,-49274.35301119089
207,0.0,169.48158264160156,-28724.00685470202
208,0.0,178.32122802734375,-31798.460365179926
209,0.0,127.60455322265625,-16282.922003153712
210,0.0,155.01126098632812,-24028.491032571532
211,0.0,221.3794403076172,-49008.85659091384
212,0.0,211.82879638671875,-44871.43897864595
213,0.0,191.70159912109375,-36749.50310558453
214,0.0,200.57345581054688,-40229.7111757854
215,0.0,211.5572967529297,-44756.489809407154
216,0.0,148.28724670410156,-21989.10753508308
217,0.0,128.32192993164062,-16466.517701380886
218,0.0,167.8909454345703,-28187.369558913866
219,0.0,214.20350646972656,-45883.14218392619
220,0.0,180.2152862548828,-32477.549399929354
221,0.0,222.3002471923828,-49417.3999017945
222,0.0,225.7033233642578,-50941.99017767073
223,0.0,213.077392578125,-45401.9752278924
224,0.0,164.46322631835938,-27048.152811043896
225,0.0,175.5928192138672,-30832.838159473846
226,0.0,217.54373168945312,-47325.27519737277
227,0.0,220.38583374023438,-48569.91571337823
228,0.0,193.91334533691406,-37602.38549975329
229,0.0,165.83987426757812,-27502.86389708612
230,0.0,187.23446655273438,-35056.74546528701
231,0.0,205.46517944335938,-42215.93996369187
232,0.0,177.13951110839844,-31378.406395722413
233,0.0,213.86593627929688,-45738.63870062027
234,0.0,210.49476623535156,-44308.0466124753
235,0.0,173.59271240234375,-30134.42979920283
236,0.0,204.4689483642578,-41807.55084518553
237,0.0,209.30108642578125,-43806.94477901235
238,0.0,126.95307159423828,-16117.08238721179
239,0.0,200.85874938964844,-40344.2372063736
240,0.0,119.44989013671875,-14268.27625367418
241,0.0,205.9437255859375,-42412.81810821593
242,0.0,35.265419006347656,-1243.6497776932665
243,0.0,188.7423858642578,-35623.68822173239
244,0.0,166.11256408691406,-27593.38394752913
245,0.0,171.3660430908203,-29366.320724604884
246,0.0,25.53423500061035,-651.9971570663947
247,0.0,213.0142822265625,-45375.08443249762
248,0.0,211.10275268554688,-44564.37219141517
249,0.0,188.332275390625,-35469.045953810215
250,0.0,112.30650329589844,-12612.750682551647
251,0.0,73.58368682861328,-5414.558967291436
252,0.0,182.6421356201172,-33358.14970387728
253,0.0,169.55975341796875,-28750.509979162365
254,0.0,183.86741638183594,-33807.22680693143
255,0.0,185.31033325195312,-34339.919609949924
256,0.0,182.92906188964844,-33463.04168382683
257,0.0,128.4506072998047,-16499.558515688637
258,0.0,183.38290405273438,-33629.28949881438
259,0.0,39.19813537597656,-1536.4938169533852
260,0.0,70.32173919677734,-4945.147003659571
261,0.0,23.27225112915039,-541.5976726182416
262,0.0,168.48658752441406,-28387.73017562204
263,0.0,151.5211181640625,-22958.64924968779
264,0.0,157.05963134765625,-24667.727799061686
265,0.0,121.2713394165039,-14706.737763872894
266,0.0,81.54735565185547,-6649.971213810204
267,0.0,109.29226684570312,-11944.799592272379
268,0.0,128.42115783691406,-16491.993780173594
269,0.0,11.6358003616333,-135.39185005578565
270,0.0,147.8240966796875,-21851.963559165597
271,0.0,77.31260681152344,-5977.23917199322
272,0.0,99.3280029296875,-9866.052166000009
273,0.0,168.05992126464844,-28244.137135479832
274,0.0,168.92550659179688,-28535.82677729521
275,0.0,153.69422912597656,-23621.916066628182
276,0.0,154.1604461669922,-23765.443162406096
277,0.0,156.3908233642578,-24458.089632550487
278,0.0,152.19874572753906,-23164.45820103609
279,0.0,139.6139373779297,-19492.051510168472
280,0.0,147.75833129882812,-21832.52446821425
281,0.0,145.73880004882812,-21239.797839672305
282,0.0,139.60552978515625,-19489.70394659415
283,0.0,109.32673645019531,-11952.335302850464
284,0.0,108.18282318115234,-11703.523231444473
285,0.0,48.19717025756836,-2322.967220837032
286,0.0,136.40101623535156,-18605.23723003664
287,0.0,89.84992980957031,-8073.009886784712
288,0.0,139.2022247314453,-19377.259370183805
289,0.0,94.31670379638672,-8895.640615015349
290,0.0,52.54816818237305,-2761.309979322963
291,0.0,62.08213806152344,-3854.191866290057
292,0.0,64.60494995117188,-4173.799558193423
293,0.0,56.8191032409668,-3228.4104931076436
294,0.0,120.50442504882812,-14521.316456348635
295,0.0,118.09388732910156,-13946.166224498535
296,0.0,89.70308685302734,-8046.643790961767
297,0.0,77.42963409423828,-5995.348235967627
298,0.0,63.47227096557617,-4028.729181527524
299,0.0,47.86540222167969,-2291.0967298431788
300,0.0,95.2608871459961,-9074.636619842204
301,0.0,92.66442108154297,-8586.694934377505
302,0.0,118.20288848876953,-13971.922847088485
303,0.0,52.47843551635742,-2753.986194244484
304,0.0,121.37908935546875,-14732.883332762867
305,0.0,116.59378814697266,-13594.111434461141
306,0.0,13.231683731079102,-175.07745435930337
307,0.0,76.94568634033203,-5920.638646384759
308,0.0,115.36225891113281,-13308.450781079242
309,0.0,19.73473358154297,-389.45970953447977
310,3.5159,73.65558624267578,-4919.575586221002
311,5.6898,89.917724609375,-7094.343284002558
312,14.6241,9.186697006225586,-29.565351316706963
313,15.2674,60.33482360839844,-2031.0726706988287
314,18.3633,75.21928405761719,-3232.6029231600205
315,16.6308,103.929931640625,-7621.138385207174
316,19.8612,78.34913635253906,-3420.8386987786607
317,32.392,72.25997161865234,-1589.4551609856685
318,31.0479,83.05565643310547,-2704.8067292052233
319,28.8028,102.92645263671875,-5494.315880208942
320,30.2988,105.1924057006836,-5609.052174849466
321,23.3067,104.3448486328125,-6567.181533833809
322,24.5776,88.77395629882812,-4121.172162046089
323,28.265,12.194900512695312,-258.24809753187037
324,18.9844,34.484683990478516,-240.25880378548456
325,20.5508,82.31282043457031,-3814.547168160281
326,16.3276,10.575966835021973,-33.08128406447516
327,12.7524,33.137149810791016,-415.5380248485443
328,16.5347,80.20708465576172,-4054.1725677512804
329,19.8855,24.643217086791992,-22.63587187795248
330,14.15,8.354066848754883,-33.592841093702155
331,7.404,10.697216987609863,-10.845278127482183
332,10.4386,41.745750427246094,-980.1376678742153
333,0.2409,93.1756362915039,-8636.865209571373
334,0.0,92.67330169677734,-8588.340847381915
335,1.891,50.592185974121094,-2371.8055152859292
336,8.6583,92.77163696289062,-7075.053455032783
337,1.3877,11.196550369262695,-96.2135455665849
338,11.9014,13.054317474365234,-1.3292187026967093
339,13.2059,21.704084396362305,-72.21913803457575
340,18.9105,1.7458250522613525,-294.6260660615267
341,23.3495,57.53663635253906,-1168.7602919870978
342,20.8491,35.97570037841797,-228.81403900835463
343,27.2629,61.376548767089844,-1163.7410322043702
344,29.8597,52.54963684082031,-514.8332338404149
345,23.301,48.678070068359375,-643.9956852544213
346,28.1466,20.92565155029297,-52.14209651332637
347,29.9649,24.770601272583008,-26.980739269645785
348,23.9777,4.905683517456055,-363.7418127104279
349,34.6479,13.944792747497559,-428.6186499086192
350,42.656,84.74446868896484,-1771.439196581974
351,42.8642,59.07480239868164,-262.78363012814305
352,51.5239,83.19053649902344,-1002.7758671612835
353,58.2673,50.85017013549805,-55.013815426886744
354,59.1143,13.700167655944824,-2062.4434165633584
355,63.358,36.798885345458984,-705.3865712330552
356,50.434,19.277151107788086,-970.7492328921267
357,44.6675,64.34525299072266,-387.2139627638946
358,46.8499,83.93458557128906,-1375.2739039213752
359,48.4765,85.73098754882812,-1387.8968425257897
360,41.9871,63.37968444824219,-457.64266937517357
361,40.9353,18.848093032836914,-487.84471161029745
362,39.9681,77.04595184326172,-1374.7670973108663
363,35.0485,84.07118225097656,-2403.223375080213
364,32.2675,6.929441928863525,-642.0171868162842
365,33.5389,76.25585174560547,-1824.7379664363862
1,48.148,53.53578567504883,-29.02823448026132
2,54.9572,48.050235748291016,-47.706155174385856
3,56.2362,83.79972076416016,-759.7476769162882
4,60.5652,85.5980224609375,-626.6422003608171
5,67.2111,87.29338073730469,-403.29799961191884
6,75.3177,73.72867584228516,-2.5249977738013754
7,79.2468,81.90845489501953,-7.084406780181468
8,77.6612,32.76981735229492,-2015.236236022676
9,68.0318,90.10040283203125,-487.0232309579375
10,68.3904,89.36837005615234,-440.0752276768244
11,72.6606,86.35735321044922,-187.6010485079509
12,75.1553,15.676651000976562,-3537.7096867490313
13,75.9103,34.0797004699707,-1749.7990570416878
14,70.987,69.9884033203125,-0.9971953286828891
15,68.6345,88.74295043945312,-404.3497790759425
16,63.369,44.03382873535156,-373.84884783328664
17,65.2166,18.19026756286621,-2211.4759424878216
18,63.8185,50.13348388671875,-187.27966602076745
19,58.107,88.87371826171875,-946.590952595978
20,61.2435,3.7742669582366943,-3302.712746408499
21,66.1268,12.67103385925293,-2857.5189336942412
22,54.3392,7.318775177001953,-2210.9203505352107
23,50.7243,33.16410827636719,-308.3603333707423
24,39.3162,56.15153503417969,-283.4285057130779
25,45.8574,38.425785064697266,-55.22890054661464
26,50.277,28.015344619750977,-495.5813002689703
27,56.3877,35.91636657714844,-419.07549210955955
28,51.1321,101.0145492553711,-2488.258743714672
29,56.4841,95.92668151855469,-1555.717236847832
30,51.8674,106.0421371459961,-2934.9021448377684
31,59.5777,79.81993865966797,-409.74822595495647
32,64.2979,64.35120391845703,-0.0028413077228739967
33,67.3795,94.76923370361328,-750.1975123548497
34,60.1691,14.536432266235352,-2082.3403645001654
35,57.5789,12.11609172821045,-2066.866935957496
36,60.4119,33.75667953491211,-710.5007780424404
37,57.9682,22.283519744873047,-1273.3964049106476
38,55.6618,11.50363826751709,-1949.943247592118
39,59.2399,57.200355529785156,-4.159741645983942
40,61.7775,55.93307113647461,-34.15734874080873
41,63.0135,45.818031311035156,-295.68414343317033
42,65.6854,128.60951232910156,-3959.443912405391
43,65.9719,129.7407684326172,-4066.4685811764402
44,71.2726,2.111262321472168,-4783.290629483353
45,75.901,35.718997955322266,-1614.5932883184853
46,76.1556,75.86666870117188,-0.08348129544251122
47,70.8954,133.98486328125,-3980.2803771161925
48,75.9315,116.57337188720703,-1651.7617504961493
49,90.9413,135.00433349609375,-1941.55092087788
50,88.14,134.79307556152344,-2176.5094593492154
51,79.6938,110.04931640625,-921.4573762901132
52,77.467,89.66104125976562,-148.69464224486646
53,81.6364,84.75035858154297,-9.69673804756513
54,81.7926,9.447929382324219,-5233.75136678
55,74.8015,30.91029167175293,-1926.4381685135854
56,75.2168,151.48028564453125,-5816.119242653623
57,73.0211,147.1866455078125,-5500.528140471406
58,71.9293,151.94784545898438,-6402.967617371549
59,58.7422,41.3399543762207,-302.83815275034556
60,62.8502,43.60845184326172,-370.24487212734107
61,62.3914,94.31250762939453,-1018.9571122873899
62,73.991,6.378431797027588,-4571.459379001596
63,79.9514,34.714046478271484,-2046.418153649844
64,81.2916,71.62511444091797,-93.4409430639415
65,71.5478,106.7366714477539,-1238.2566737665504
66,73.2705,155.1451416015625,-6703.456937384309
67,71.6069,23.097837448120117,-2353.129149662195
68,72.0617,163.01119995117188,-8271.811541368212
69,63.2895,167.4476318359375,-10848.916427552536
70,60.2967,168.095947265625,-11620.67771103536
71,54.2038,100.35490417480469,-2129.9244165536747
72,50.0588,79.23458862304688,-851.2266417767116
73,43.3754,166.85964965820312,-15248.35991364944
74,48.0848,97.93740844726562,-2485.2825689963797
75,50.9036,154.47207641601562,-10726.429307134786
76,50.6144,134.90345764160156,-7104.64523810923
77,52.6769,144.76705932617188,-8480.59744471972
78,52.9716,125.45941162109375,-5254.482833615175
79,40.9663,125.169677734375,-7090.208821877841
80,44.6353,155.9563751220703,-12392.381766333621
81,49.2449,101.0082778930664,-2679.4472909003957
82,51.9271,41.67485046386719,-105.10862055113553
83,41.3345,102.42334747314453,-3731.847285597117
84,47.1233,62.999088287353516,-252.04065374487107
85,49.362,157.4292449951172,-11678.529440834682
86,56.5963,112.38194274902344,-3112.037936921671
87,53.6661,119.38775634765625,-4319.336113079425
88,51.0764,189.85804748535156,-19260.345678748385
89,50.9277,128.19171142578125,-5969.7274616032555
90,47.9299,74.79638671875,-721.80810860877
91,46.9962,123.6742935180664,-5879.530025565337
92,48.9385,180.5600128173828,-17324.222636336468
93,54.9692,182.10365295410156,-16163.169127938663
94,58.7485,160.17723083496094,-10287.787438790954
95,45.2946,180.4468994140625,-18266.144036908398
96,46.5799,197.9976348876953,-22927.33043852038
97,44.1929,203.04574584960938,-25234.226634519757
98,52.6141,49.10515213012695,-12.312715153486597
99,49.1849,205.50547790527344,-24436.12307663866
100,55.7776,206.39822387695312,-22686.57233708258
101,51.0849,211.9757537841797,-25885.866831402287
102,60.4007,207.12857055664062,-21529.067998086288
103,66.9964,179.7452850341797,-12712.31107645067
104,67.1541,32.682777404785156,-1188.2720814633694
105,51.9365,70.61656188964844,-348.94471220109585
106,51.4314,81.21437072753906,-887.0253453574489
107,47.8311,143.11915588378906,-9079.813594112109
108,48.8832,204.84608459472656,-24324.421371108
109,53.8312,119.67582702636719,-4335.514908241405
110,39.1199,46.68379211425781,-57.212463916131505
111,44.411,101.37928009033203,-3245.384936450521
112,37.829,136.53811645507812,-9743.489671342173
113,39.6343,198.36000061035156,-25193.84803424696
114,44.9321,176.3152618408203,-17261.535215291184
115,58.9576,184.09317016601562,-15658.91092077382
116,58.8829,170.76377868652344,-12517.331015668573
117,67.696,214.5186767578125,-21556.898410329097
118,58.8755,149.54356384277344,-8220.697800997239
119,47.1597,48.58920669555664,-2.0434893926412636
120,53.1154,45.80879592895508,-53.38646305101024
121,54.7443,79.46858978271484,-611.2905052596575
122,46.9777,69.41907501220703,-503.6153124385102
123,39.4688,94.75074005126953,-3056.0928958321583
124,49.3061,140.1045684814453,-8244.361878576017
125,45.1413,171.22341918945312,-15896.700779303465
126,41.8957,184.27024841308594,-20270.51203583015
127,34.878,118.57359313964844,-7004.952310997566
128,31.3048,177.26856994628906,-21305.422136933197
129,32.69,177.48342895507812,-20965.137068569256
130,28.0042,195.7151641845703,-28126.967507718226
131,32.7225,224.4862823486328,-36773.34822065382
132,39.6637,208.4398956298828,-28485.40421129647
133,42.6129,185.94679260253906,-20544.604768596204
134,38.2,220.93435668945312,-33391.84511470829
135,49.5531,217.88687133789062,-28336.258572837247
136,47.6542,210.331298828125,-26463.838483135547
137,41.3162,226.11085510253906,-34149.064554466364
138,34.3797,214.7951202392578,-32549.72386010799
139,26.4566,214.3729248046875,-35312.545128100806
140,21.6501,166.78778076171875,-21064.94637689058
141,20.8304,192.809326171875,-29576.75104723123
142,21.7566,230.17251586914062,-43437.193987572704
143,14.9892,219.89035034179688,-41984.48141139164
144,11.8085,216.08883666992188,-41730.455949976626
145,14.9198,176.68307495117188,-26167.357122928428
146,7.9191,110.09204864501953,-10439.311434817799
147,8.9052,186.18869018554688,-31429.435892368892
148,15.4332,224.17364501953125,-43572.573386951946
149,17.6336,172.57212829589844,-24005.94755049892
150,17.1361,239.9472198486328,-49644.79512820182
151,19.0515,230.20449829101562,-44585.58868728564
152,30.9463,42.5534553527832,-134.72605538364374
153,40.5072,208.83193969726562,-28333.217994152226
154,44.5438,153.5546875,-11883.373593537655
155,43.2175,192.69407653808594,-22343.246933546263
156,40.5226,166.7871856689453,-15942.74559415043
157,45.9158,196.7907257080078,-22763.24320739688
158,56.6404,236.45411682128906,-32332.972757086733
159,50.1652,221.21107482910156,-29256.69129605268
160,56.657,226.3468017578125,-28794.62882060571
161,60.4683,232.74449157714844,-29679.086184326352
162,58.2444,229.0642852783203,-29179.433206498517
163,67.2234,175.15933227539062,-11650.165476157712
164,59.4467,249.06471252441406,-35954.99067370885
165,59.5979,179.0221405029297,-14262.149219701589
166,63.4865,224.393310546875,-25891.00168036792
167,68.9267,181.6336212158203,-12702.850089949128
168,68.5447,177.0858154296875,-11781.173738720745
169,54.3338,227.27635192871094,-29909.12626761488
170,55.9291,232.39599609375,-31140.565416962356
171,62.8397,226.44906616210938,-26768.024695967182
172,69.1087,223.87217712402344,-23951.733851518125
173,63.5066,232.81666564941406,-28665.898330208904
174,59.3253,233.72186279296875,-30414.161114001894
175,64.4556,108.36753845214844,-1928.2583386252722
176,61.4231,192.08670043945312,-17072.976479801055
177,49.1304,247.09454345703125,-39189.802094676044
178,48.6062,232.48922729492188,-33812.967727144984
179,47.1865,227.13174438476562,-32380.290976693028
180,34.7913,190.4694061279297,-24235.672727578938
181,39.2892,119.60081481933594,-6449.955474889381
182,36.6869,194.31622314453125,-24847.003515003053
183,31.5568,215.20237731933594,-33725.69806895219
184,31.3289,214.61366271972656,-33593.30424522646
185,22.213,214.656494140625,-37034.498437052775
186,19.704,213.090087890625,-37398.17898964053
187,14.7807,202.04042053222656,-35066.202933807595
188,16.9615,209.9062042236328,-37227.65888794515
189,19.8902,211.263671875,-36623.80573749142
190,21.1868,213.24864196777344,-36887.75114005397
191,16.696,180.78919982910156,-26926.578230153456
192,9.4885,218.90086364746094,-43853.53804841643
193,12.7939,233.05392456054688,-48514.478419412706
194,16.4078,200.8448486328125,-34017.02490838244
195,15.1167,131.77220153808594,-13608.506039102373
196,8.481,174.78781127929688,-27657.955477887666
197,6.385,209.9647674560547,-41444.7217174613
198,14.1995,206.40423583984375,-36942.660479264116
199,15.3457,203.5443115234375,-35418.71737934974
200,6.5362,191.55426025390625,-34231.68262011808
201,3.8017,208.27955627441406,-41811.19370657993
202,0.0,161.4591522216797,-26069.057836143533
203,6.481,116.11302185058594,-12019.180215047354
204,19.6747,160.65240478515625,-19874.713246490668
205,22.6049,203.936279296875,-32881.06911770715
206,14.4942,188.89439392089844,-30415.42763964698
207,16.7316,204.38619995117188,-35214.24888283435
208,20.0472,195.33544921875,-30725.97031417461
209,23.522,215.844970703125,-36988.12506007508
210,14.6986,102.80342864990234,-7762.460831428653
211,12.7633,180.3312225341797,-28079.00866242085
212,21.5895,175.8372344970703,-23792.3635974787
213,6.9972,219.41847229003906,-45122.79692131892
214,13.2312,212.28887939453125,-39623.95972593599
215,10.0067,193.45155334472656,-33652.014218668235
216,0.0,207.0451202392578,-42867.681814888725
217,0.5724,88.75651550292969,-7776.438227034044
218,0.0,227.25775146484375,-51646.08560085669
219,0.0,222.1948699951172,-49370.56025214703
220,0.0,204.26612854003906,-41724.65126873576
221,0.0,126.53655242919922,-16011.499100667483
222,0.0,133.0343017578125,-17698.125444188714
223,0.0,198.76939392089844,-39509.2719596813
224,2.2261,203.50738525390625,-40514.15579346438
225,0.0,38.326961517333984,-1468.9559791512002
226,0.0,122.97708892822266,-15123.364401259983
227,0.0,200.1206512451172,-40048.27505476982
228,5.765,205.3526611328125,-39835.2344764664
229,2.6271,135.2918243408203,-17599.92908442584
230,8.3635,217.0569305419922,-43552.94795138532
231,9.3173,165.52694702148438,-24401.453822576746
232,13.4773,159.451416015625,-21308.44254654314
233,5.541,206.93568420410156,-40559.8188256698
234,16.7078,206.18441772460938,-35901.38866435776
235,14.0368,184.05088806152344,-28904.790139391447
236,17.2033,189.48883056640625,-29682.304042548098
237,9.5615,196.0839385986328,-34790.62010078075
238,7.7131,119.03642272949219,-12392.882183534672
239,7.7322,5.143869876861572,-6.699452826345787
240,7.7566,185.4025115966797,-31558.06990701534
241,13.2566,178.21295166015625,-27210.597953029137
242,25.7587,176.77191162109375,-22804.990084117242
243,31.7077,189.0203399658203,-24747.26669301581
244,40.2583,129.145751953125,-7900.979114719107
245,42.9526,67.16449737548828,-586.2159745211765
246,42.5615,121.11768341064453,-6171.073952046824
247,47.0116,143.37229919433594,-9285.384349221295
248,49.2818,169.9967498779297,-14572.099124031076
249,52.1412,176.0121307373047,-15344.007481726136
250,46.6308,185.7672576904297,-19358.953858640733
251,41.0885,72.67425537109375,-997.6599423625775
252,42.637,194.6503143310547,-23108.047733912037
253,34.9363,190.428466796875,-24177.81393518719
254,39.6791,192.50523376464844,-23355.827161450215
255,45.1861,179.4210968017578,-18019.034366367927
256,50.3712,162.3985137939453,-12550.11903588709
257,43.7752,24.121753692626953,-386.2579517567952
258,45.1788,175.4182586669922,-16962.316593871168
259,48.1074,179.942138671875,-17380.39832068158
260,47.1689,149.61402893066406,-10495.004441620382
261,56.3761,72.59571838378906,-263.0760205157481
262,55.3869,151.87542724609375,-9310.035890120176
263,50.4345,175.445556640625,-15627.764282405551
264,52.408,158.31007385253906,-11215.249246268637
265,47.9336,110.71940612792969,-3942.0574511339732
266,36.6196,181.775146484375,-21070.132675177552
267,31.8803,175.431884765625,-20607.057488722417
268,34.5513,163.55685424804688,-16642.433026845767
269,35.7322,155.47357177734375,-14337.996115120053
270,35.6744,139.98941040039062,-10881.621394833606
271,32.2576,152.32421875,-14415.992938057852
272,39.3937,152.30250549316406,-12748.398357893157
273,38.5542,150.85733032226562,-12611.993080179775
274,44.1958,139.0358123779297,-8994.627947845858
275,38.6179,82.5638198852539,-1931.2438745611548
276,44.3626,145.47518920898438,-10223.755696544824
277,50.9195,142.98580932617188,-8476.205312942362
278,36.1346,48.19173049926758,-145.37439587636845
279,36.314,43.42485809326172,-50.56430282250569
280,34.001,79.04609680175781,-2029.0607458797322
281,39.8321,152.06019592285156,-12595.145514468772
282,32.8448,147.8760986328125,-13232.199665151293
283,30.2152,68.41351318359375,-1459.1111300719124
284,32.0077,147.56593322753906,-13353.705266670313
285,17.001,135.08016967773438,-13942.690311783184
286,22.8766,148.5186309814453,-15785.919949142464
287,15.8862,20.290082931518555,-19.394184874520455
288,17.4363,27.418254852294922,-99.63942267325415
289,15.8884,139.94342041015625,-15389.648088964283
290,16.265,122.97805786132812,-11387.676718115164
291,17.797,27.842838287353516,-100.9188668956578
292,14.4446,25.059446334838867,-112.67496271224215
293,12.2207,62.96299743652344,-2574.780749136613
294,16.5252,106.75550842285156,-8141.508558082918
295,21.1952,131.01788330078125,-12061.021767383696
296,23.4278,42.37762451171875,-359.09584902493674
297,17.3797,55.09505844116211,-1422.448262345338
298,8.1541,110.80345153808594,-10536.889371189545
299,10.2389,15.853669166564941,-31.525632793808377
300,12.3073,114.32787322998047,-10408.197362173807
301,16.959,110.33366394042969,-8718.82786598818
302,18.943,124.7049560546875,-11185.59134851365
303,14.6069,116.8544692993164,-10454.565427618512
304,13.5553,122.5132064819336,-11871.825384925785
305,10.7011,123.36589813232422,-12693.356738197368
306,8.7631,103.11261749267578,-8901.831451100734
307,10.0406,72.99995422363281,-3963.880284256871
308,11.8385,82.97261047363281,-5060.061672874998
309,16.3209,61.522254943847656,-2043.1624887597009
310,11.5062,57.65699768066406,-2129.8961265615876
311,11.115,12.158461570739746,-1.0888120496106577
312,6.3826,42.113922119140625,-1276.7273803817884
313,3.512,110.04794311523438,-11349.907175452454
314,12.2284,68.39580535888672,-3154.7774247494963
315,23.0826,66.40473937988281,-1876.807760449993
316,25.4324,3.5776002407073975,-477.63227251877606
317,30.2226,91.73313903808594,-3783.546412755894
318,37.581,105.03889465332031,-4550.567551058461
319,30.9022,99.86935424804688,-4756.468365073891
320,33.6636,87.20182800292969,-2866.3418576936842
321,32.7139,97.52915954589844,-4201.017870002179
322,19.4133,89.80638885498047,-4955.186958545177
323,23.6633,73.33106231689453,-2466.8866135675285
324,11.2371,50.707340240478516,-1557.8998646410896
325,7.9566,28.489439010620117,-421.59747783604325
326,7.4871,80.2352294921875,-5292.290344612081
327,1.676,38.138282775878906,-1329.4980652281554
328,5.0446,94.26110076904297,-7959.5840094726445
329,5.0467,39.24167251586914,-1169.2961453610458
330,11.5479,49.41291427612305,-1433.7593061310022
331,10.1403,41.202449798583984,-964.8571501096711
332,6.3077,68.91191101074219,-3919.287236277534
333,0.8395,87.82587432861328,-7566.629318837631
334,1.7785,66.33468627929688,-4167.5011869272785
335,5.3861,75.90548706054688,-4972.9839513952265
336,9.624,7.81593656539917,-3.269093383540552
337,6.7482,65.34896850585938,-3434.0500694773204
338,8.514,26.957103729248047,-340.14807516780326
339,15.2908,86.2159652709961,-5030.37906871811
340,19.9977,67.91401672363281,-2295.973408359494
341,13.368,23.971830368041992,-112.44121847420956
342,6.0825,17.93059539794922,-140.37736455890547
343,5.4255,69.00640869140625,-4042.531950024939
344,8.5145,8.693315505981445,-0.03197498517940032
345,11.676,44.94955825805664,-1107.129679152289
346,17.4928,79.46308898925781,-3840.3167174121277
347,22.2201,83.88613891601562,-3802.700355591553
348,12.2647,80.2929916381836,-4627.848463209759
349,10.0433,63.70966339111328,-2880.0785596270234
350,11.2959,5.608792304992676,-32.34319393461151
351,14.1342,12.58326530456543,-2.405398429502723
352,5.5618,22.122102737426758,-274.2436267552242
353,3.5038,18.171600341796875,-215.1443668668165
354,8.2593,10.84008502960205,-6.66045136901806
355,0.9378,0.8407163619995117,-0.009425232767409846
356,4.2631,26.26706314086914,-484.17439390472765
357,9.5378,49.6320915222168,-1607.5522126685053
358,16.6658,60.30183792114258,-1904.1038054553926
359,27.1975,14.99885082244873,-148.8070417569723
360,29.3332,66.88924407958984,-1410.456446908095
361,24.4088,20.94427490234375,-12.002934152290045
362,20.7377,53.18672561645508,-1052.9392634573576
363,18.6544,7.641119003295898,-121.29235831236366
364,23.8028,26.870351791381836,-9.409873992809903
365,29.6787,58.35093688964844,-822.0971682561168
366,27.0278,19.732973098754883,-53.214499519129426
1,31.4178,79.88574981689453,-2349.1421594530066
2,29.6035,77.96298217773438,-2338.639516498609
3,22.6491,61.34310531616211,-1497.2260474071813
4,17.4008,85.03192138671875,-4573.968580025085
5,13.828,41.84675979614258,-785.0509005139357
6,1.985,86.58087921142578,-7156.462779554141
7,7.2156,76.14801025390625,-4751.67718341284
8,13.2927,64.8667984008789,-2659.8876258635405
9,15.2251,76.6861572265625,-3777.461555406791
10,20.8559,24.90925407409668,-16.429679249996166
11,23.5243,15.33033275604248,-67.1410991950488
12,18.3966,45.423011779785156,-730.4269336905099
13,19.0183,59.9058723449707,-1671.7935722652132
14,24.7975,89.11463165283203,-4136.693424047728
15,28.5423,81.77884674072266,-2834.1299088771484
16,26.9937,53.67816925048828,-712.0608991802546
17,33.2793,82.01886749267578,-2375.545439373098
18,34.1422,90.32061004638672,-3156.013755339964
19,33.2928,73.12345123291016,-1586.4807776377274
20,28.4016,33.03580093383789,-21.47581829518399
21,24.9336,94.74058532714844,-4873.015200464717
22,22.5336,77.8401870727539,-3058.8185736361097
23,15.6282,74.49610137939453,-3465.4298128141204
24,15.2048,54.83723068237305,-1570.7295617931045
25,10.6538,97.88652038574219,-7609.54750589708
26,0.0,96.84278869628906,-9378.525722474093
27,0.8942,3.7477335929870605,-8.142653966305643
28,0.0,24.70293426513672,-610.2349613076658
29,0.776,7.169200420379639,-40.87301161514239
30,2.1382,0.26940834522247314,-3.4923822489661265
31,2.879,4.398383617401123,-2.3085265768269223
32,0.0,8.499950408935547,-72.24915695436357
33,0.0,3.7836835384368896,-14.316261119038302
34,0.0,17.99167251586914,-323.700279918281
35,0.0,60.31237030029297,-3637.5820112396614
36,0.0,90.16038513183594,-8128.895047120983
37,0.0,99.57589721679688,-9915.359306530096
38,0.0,10.611172676086426,-112.59698556172316
39,0.0,21.066701889038086,-443.80592848160086
40,0.0,39.66144943237305,-1573.0305710766843
41,3.544,18.17861557006836,-214.17197288368723
42,5.7583,32.495784759521484,-714.8930912656438
43,0.8332,95.33045196533203,-8929.730628999447
44,4.2291,123.78783416748047,-14294.29091573026
45,8.3241,44.31592559814453,-1295.411509887252
46,9.5642,114.2203598022461,-10952.911784553271
47,11.005,106.62959289550781,-9144.062766431603
48,4.0559,120.06465148925781,-13458.030422096379
49,4.8463,44.20048904418945,-1548.7521953258013
50,4.4915,136.94638061523438,-17544.29539879599
51,0.0,126.98999786376953,-16126.45955744019
52,8.5843,29.133323669433594,-422.2623737669421
53,3.2761,0.6087125539779663,-7.114955787195948
54,2.4254,18.730512619018555,-265.8566975188781
55,4.6113,84.56299591064453,-6392.273678988174
56,0.0,103.32144927978516,-10675.321881275217
57,8.2342,25.09286117553711,-284.2144566315622
58,8.6907,0.633109450340271,-64.92476546596576
59,10.7127,17.27273178100586,-43.034016967806906
60,6.6262,85.94660186767578,-6291.726152449584
61,0.0,158.60919189453125,-25156.875753436238
62,0.0,148.5674591064453,-22072.2899053453
63,0.0,92.3693618774414,-8532.099013645726
64,8.7938,0.18102100491523743,-74.17996201817328
65,12.1483,7.505444049835205,-21.55611137398065
66,7.981,41.09757614135742,-1096.7076153263235
67,8.1923,142.50050354003906,-18038.693538152565
68,10.9909,10.627603530883789,-0.13198432447230593
69,18.553,14.441495895385742,-16.9044660022599
70,13.576,19.842620849609375,-39.27053687275892
71,15.1205,55.57646942138672,-1636.6854618241773
72,7.8388,172.54928588867188,-27129.54416168238
73,9.7286,150.3932647705078,-19786.54791499934
74,21.0356,72.31008911132812,-2629.073233627706
75,14.7729,55.086326599121094,-1625.172364162724
76,11.9217,138.98394775390625,-16144.814804275053
77,17.4119,4.782747745513916,-159.49548666699093
78,11.0991,159.07736206054688,-21897.56604245989
79,14.8264,169.40235900878906,-23893.727103486835
80,27.9305,181.65614318847656,-23631.573373710813
81,34.4323,175.5962371826172,-19927.25716089789
82,40.0176,122.50733947753906,-6804.557119072266
83,47.761,1.1315219402313232,-2174.3082241264487
84,45.5242,12.708050727844238,-1076.8996530524091
85,40.9503,116.03214263916016,-5637.283094091608
86,41.2265,167.18360900878906,-15865.193309851971
87,35.1199,172.908203125,-18985.616478066884
88,34.3148,175.69979858398438,-19989.717824593266
89,41.354,42.98375701904297,-2.656107941119826
90,45.0635,183.37640380859375,-19130.459359965305
91,42.8514,187.8445281982422,-21023.00722471189
92,38.3475,190.8657989501953,-23261.83151466115
93,47.6622,167.42007446289062,-14341.94849586947
94,41.1725,182.6764678955078,-20023.372930172904
95,39.8857,152.0685272216797,-12584.986723449238
96,39.4502,73.36292266845703,-1150.0727587876793
97,37.9235,169.30006408691406,-17259.80159128304
98,39.2471,181.6969451904297,-20291.958394777386
99,36.47,84.3205795288086,-2289.6779612428363
100,44.4353,30.39948272705078,-197.0041665196196
101,39.2715,41.715293884277344,-5.972128548831332
102,41.2478,57.33773422241211,-258.8859832815484
103,42.2215,166.64434814453125,-15481.045140397086
104,34.3056,143.58993530273438,-11943.065942560475
105,28.9496,68.94689178466797,-1599.7833501078676
106,33.8305,106.60164642333984,-5295.639751767168
107,29.468,5.318811416625977,-583.1833092353622
108,28.6806,36.98625564575195,-68.98391570581133
109,29.1711,48.40862274169922,-370.0822812373947
110,25.3328,214.77854919433594,-35889.69188780324
111,37.7087,184.8618621826172,-21654.05314034364
112,37.1901,138.9517059326172,-10355.42444198527
113,27.9567,39.36028289794922,-130.04170291039986
114,23.2981,220.8480987548828,-39026.0020080542
115,28.7496,223.55580139160156,-37949.45610062523
116,23.4254,189.48696899414062,-27576.444696795726
117,19.2338,147.06072998046875,-16339.72402823166
118,21.0458,207.65599060058594,-34823.36323598702
119,26.7668,172.67274475097656,-21288.54471367503
120,32.4307,206.91717529296875,-30445.530060163794
121,38.1313,204.339599609375,-27625.198859039763
122,29.6229,36.494136810302734,-47.21389530325928
123,36.3786,35.301082611083984,-1.1610437234163853
124,31.8104,62.86487579345703,-964.3804668064087
125,23.7035,182.97413635253906,-25367.13560414274
126,20.0297,199.13400268554688,-32078.351240475997
127,24.4233,187.10887145996094,-26466.595161254052
128,16.5384,138.8788604736328,-14967.188268900514
129,19.5184,74.79180145263672,-3055.148908144343
130,15.7953,76.42119598388672,-3675.499263849052
131,11.9098,213.1875,-40512.712517290005
132,1.5385,238.3416290283203,-56075.72191760332
133,0.0,175.2528533935547,-30713.562622582773
134,0.0,219.7835693359375,-48304.81735004485
135,0.0,174.1575164794922,-30330.840546304593
136,0.0,190.31219482421875,-36218.731498811394
137,0.0,180.35704040527344,-32528.662023749435
138,0.0,152.7171173095703,-23322.51791934506
139,0.0,119.86063385009766,-14366.571546947176
140,0.0,220.78179931640625,-48744.60290938988
141,0.0,171.86109924316406,-29536.237433068687
142,0.0,101.47476196289062,-10297.127315425314
143,0.0,171.55979919433594,-29432.76469960087
144,0.0,240.82806396484375,-57998.15639305487
145,0.0,18.0748291015625,-326.69944705069065
146,1.4939,43.90123748779297,-1798.3822728035711
147,0.0,76.97676086425781,-5925.421713153133
148,0.0,81.64558410644531,-6666.001404082635
149,0.0,175.88641357421875,-30936.03048000112
150,0.0,103.32221221923828,-10675.479537877312
151,0.0,151.1167449951172,-22836.270617919276
152,8.3827,169.77810668945312,-26048.47730045397
153,9.3615,163.26951599121094,-23687.67738635084
154,16.1627,230.2841339111328,-45847.98846015961
155,23.7641,85.49500274658203,-3810.704353907969
156,31.6232,48.566925048828125,-287.08981853028564
157,27.8044,105.27616119384766,-6001.873782476559
158,34.6777,140.42288208007812,-11182.043533148875
159,20.8332,178.4620361328125,-24846.849980585055
160,17.8862,74.76693725585938,-3235.4182707701084
161,14.6086,165.59097290039062,-22795.676926632612
162,9.6676,208.4226837158203,-39503.58330288274
163,11.3356,158.57737731933594,-21680.140988156912
164,11.2617,225.3281707763672,-45824.453910649274
165,8.0839,127.07527923583984,-14158.948332447457
166,0.3879,126.67058563232422,-15947.316690512425
167,6.3999,208.9839324951172,-41040.290221982694
168,0.0,225.26187133789062,-50742.91067864839
169,0.0,230.05824279785156,-52926.79507923522
170,0.0,226.31790161132812,-51219.7925897548
171,0.0,215.47622680664062,-46430.00431882683
172,0.0,134.87940979003906,-18192.455185309285
173,0.0,176.3302459716797,-31092.35564443306
174,0.0,150.99806213378906,-22800.414768159622
175,0.0,19.17390251159668,-367.63853752421346
176,2.1043,136.02035522460938,-17933.509846920628
177,5.5904,148.4839324951172,-20418.561628933116
178,0.0,175.83755493164062,-30918.845724337734
179,0.0,223.0549774169922,-49753.522950494895
180,0.0,124.17574310302734,-15419.615175189043
181,0.0,195.53306579589844,-38233.17981954315
182,0.0,227.02932739257812,-51542.315496326424
183,0.0,208.1459197998047,-43324.723929306725
184,0.0,208.2296142578125,-43359.57225395739
185,0.0,220.4656982421875,-48605.12410141528
186,0.0,218.8225555419922,-47883.310813928256
187,0.0,221.76174926757812,-49178.27343821619
188,0.0,190.0265350341797,-36110.08401709632
189,0.0,174.66055297851562,-30506.308766760863
190,0.0,125.71060180664062,-15803.155406587757
191,0.0,228.8880157470703,-52389.72375263111
192,0.0,226.399658203125,-51256.805234491825
193,0.0,231.775634765625,-53719.944871008396
194,0.0,86.87433624267578,-7547.150297605491
195,0.0,222.79049682617188,-49635.6054760525
196,0.0,186.6699981689453,-34845.688216394046
197,0.0,202.55067443847656,-41026.77571548172
198,0.0,204.4202117919922,-41787.62298908294
199,0.0,204.21142578125,-41702.30641961098
200,0.0,195.34600830078125,-38160.0629590489
201,0.0,209.46705627441406,-43876.44766426855
202,0.0,117.66726684570312,-13845.585686937906
203,0.0,195.8599853515625,-38361.13386191428
204,0.0,146.87132263183594,-21571.185411624843
205,0.0,155.10403442382812,-24057.26149454806
206,0.0,193.47349548339844,-37431.993454564596
207,0.0,169.75564575195312,-28816.9792646626
208,0.0,186.30868530273438,-34710.92621923331
209,0.0,222.4026641845703,-49462.945036394754
210,0.0,193.22950744628906,-37337.64254793548
211,0.0,33.977630615234375,-1154.4793822253123
212,0.0,154.36373901367188,-23828.163922281004
213,0.0,214.71737670898438,-46103.551860787906
214,0.0,170.56747436523438,-29093.263311334886
215,0.0,199.1043243408203,-39642.53197121457
216,0.0,213.82029724121094,-45719.1195123198
217,0.0,74.17369842529297,-5501.737538086309
218,0.0,138.0330047607422,-19053.110403279075
219,0.0,202.22622680664062,-40895.446808450855
220,0.0,165.93057250976562,-27532.954893418588
221,0.0,130.799072265625,-17108.39730554819
222,0.0,202.25926208496094,-40908.80909915292
223,0.0,180.3336944580078,-32520.241356874118
224,0.0,159.66307067871094,-25492.296138555044
225,0.0,185.96864318847656,-34584.33624936291
226,0.0,171.87188720703125,-29539.945612106472
227,0.0,162.325439453125,-26349.54829365015
228,0.0,168.78729248046875,-28489.150102887303
229,0.0,188.85414123535156,-35665.886661742115
230,0.0,191.06378173828125,-36505.368692133576
231,0.0,147.9146728515625,-21878.75044478476
232,0.0,177.36184692382812,-31457.22474423144
233,0.0,164.28297424316406,-26988.895626180107
234,0.0,64.95551300048828,-4219.218669156602
235,0.0,188.2012939453125,-35419.72704268992
236,0.0,171.69749450683594,-29480.029619924957
237,0.0,191.16481018066406,-36543.98465140932
238,0.0,182.7008514404297,-33379.60111705796
239,0.0,192.8562469482422,-37193.531986961374
240,0.0,165.90328979492188,-27523.90156477783
241,0.0,178.6171112060547,-31904.072415596107
242,0.0,180.73135375976562,-32663.82223183755
243,0.0,159.12876892089844,-25321.965098280692
244,0.0,173.11550903320312,-29968.979467825033
245,0.0,197.2901611328125,-38923.40767981112
246,0.0,188.85137939453125,-35664.84349921718
247,0.0,176.47274780273438,-31142.63071704749
248,0.0,150.892333984375,-22768.49645525217
249,0.0,176.35533142089844,-31101.202920574928
250,0.0,143.12677001953125,-20485.27229622379
251,0.0,122.00772094726562,-14885.88397074584
252,0.0,165.4251708984375,-27365.487166777253
253,0.0,170.87254333496094,-29197.426065758104
254,0.0,93.62995147705078,-8766.567813594884
255,0.0,188.10743713378906,-35384.407905042404
256,0.0,188.51902770996094,-35539.42380870902
257,0.0,185.3280029296875,-34346.46866990626
258,0.0,31.072084426879883,-965.4744306311513
259,0.0,115.14932250976562,-13259.366474458016
260,0.0,56.374202728271484,-3178.050733248252
261,0.0,130.65977478027344,-17071.97674563178
262,0.0,156.86703491210938,-24607.26664211694
263,0.0,109.87045288085938,-12071.51641624514
264,0.0,179.98936462402344,-32396.17137775966
265,0.0,172.9572296142578,-29914.2032758391
266,0.0,173.5832061767578,-30131.12946660281
267,0.0,127.37808990478516,-16225.17778779153
268,0.0,163.57167053222656,-26755.691400703276
269,0.0,159.01597595214844,-25286.08060801425
270,0.0,156.99029541015625,-24645.952852968127
271,0.0,27.0483341217041,-731.6123787593424
272,0.0,164.4907684326172,-27057.21289955289
273,0.0,158.78012084960938,-25211.126777016558
274,1.4189,157.61502075195312,-24397.22813795872
275,0.0,144.03622436523438,-20746.433929392137
276,4.7462,87.5235366821289,-6852.087468186523
277,2.7299,67.588623046875,-4206.653955271234
278,5.9455,68.5840072631836,-3923.5825921599035
279,7.7936,43.689300537109375,-1288.5013170498344
280,19.7859,150.74351501464844,-17149.896930324874
281,21.9036,150.7326202392578,-16596.916455807095
282,21.5151,148.14732360839844,-16035.720056007422
283,26.7287,142.29660034179688,-13355.939589411493
284,27.8656,139.9569549560547,-12564.471855884245
285,21.3944,142.58432006835938,-14686.996726175334
286,19.8394,142.8627166748047,-15134.736445669278
287,21.942,141.8402862548828,-14375.599046857818
288,31.6101,90.79427337646484,-3502.7663782554496
289,28.1064,22.258159637451172,-34.201915338145255
290,28.4699,119.6738052368164,-8318.152330446188
291,28.2135,46.405818939208984,-330.9604683859019
292,19.7403,75.28495025634766,-3085.2081720999813
293,16.5482,58.271018981933594,-1740.793623799198
294,26.9686,127.13690948486328,-10033.690225055352
295,41.0784,18.378292083740234,-515.2948994098393
296,51.2823,82.26046752929688,-959.6468634731833
297,57.9743,47.170902252197266,-116.71340289722919
298,59.3269,129.5654296875,-4933.45105266182
299,54.8707,108.97392272949219,-2927.15870971704
300,56.2966,126.03307342529297,-4863.175725796593
301,51.9626,110.92929077148438,-3477.0706205398606
302,42.0713,62.75233459472656,-427.70519190827684
303,31.4787,3.9145750999450684,-759.7809815058283
304,23.8525,14.698834419250488,-83.78959356419828
305,28.2173,36.88783645629883,-75.17820244000701
306,31.1376,104.12032318115234,-5326.477882936713
307,34.1583,108.08650207519531,-5465.379062070913
308,28.0064,31.370235443115234,-11.31538888835827
309,14.5226,8.527325630187988,-35.94331476932482
310,5.613,64.99470520019531,-3526.186912482903
311,0.0,80.83283996582031,-6533.948016939918
312,6.0304,45.01353454589844,-1519.6847790236202
313,3.0191,109.0135726928711,-11234.828241439796
314,18.1763,95.8707046508789,-6036.420514054515
315,17.1083,8.177850723266602,-79.75292428430808
316,21.1068,100.62870788574219,-6323.733833788467
317,29.0865,105.6778564453125,-5866.235882132913
318,39.1993,80.24522399902344,-1684.767876933608
319,48.2201,95.76644897460938,-2260.655300815338
320,46.6637,10.152466773986816,-1333.070151684329
321,45.337,29.03460121154785,-265.7682062577262
322,44.433,90.19577026367188,-2094.231142205611
323,52.5927,89.68609619140625,-1375.9200410126316
324,58.6225,9.156633377075195,-2446.8719607569865
325,57.2045,18.881683349609375,-1468.6382760194572
326,61.4414,61.82081985473633,-0.14395942616813515
327,71.137,95.97361755371094,-616.8575715093023
328,67.2241,95.81950378417969,-817.6971175802776
329,68.5749,30.58568572998047,-1443.1804008534555
330,66.3003,66.02937316894531,-0.07340134778533133
331,81.7874,91.83049011230469,-100.86365900387207
332,80.3501,88.933837890625,-73.68055617495136
333,81.6264,72.21805572509766,-88.51694199508778
334,72.219,84.66053009033203,-154.79167098863752
335,74.1271,75.35045623779297,-1.49660048454697
336,87.8979,27.18610191345215,-3685.9224269017564
337,81.6202,11.9931001663208,-4847.933031249129
338,79.6283,6.117083549499512,-5403.898944032333
339,69.8642,61.526702880859375,-69.51385821167817
340,69.6507,72.352783203125,-7.301253636610257
341,73.6856,76.13685607910156,-6.0086563653323966
342,78.8432,9.095849990844727,-4864.692833299611
343,73.2877,5.37540864944458,-4612.079316482725
344,77.6676,17.77243995666504,-3587.430196616708
345,67.5227,14.505367279052734,-2810.837568843626
346,77.335,9.984325408935547,-4536.113367871454
347,76.8854,27.542701721191406,-2434.701873433541
348,75.2258,17.50578498840332,-3331.600132938947
349,84.0849,18.420734405517578,-4311.78264321961
350,90.1176,2.0906834602355957,-7748.738035498647
351,94.5243,56.804386138916016,-1422.7919016875956
352,84.8084,69.04878997802734,-248.36530804466116
353,76.0216,27.686084747314453,-2336.3220347425977
354,66.9192,3.900475263595581,-3971.359667402711
355,72.4637,10.757433891296387,-3807.6632770781443
356,73.6529,2.0955653190612793,-5120.4521466398755
357,61.561,0.11597500741481781,-3775.4910963394177
358,60.4699,0.2990416884422302,-3620.532189949561
359,57.5112,0.0,-3307.5381254400004
360,56.3301,0.11277500540018082,-3160.387629548458
361,56.7754,2.1581501960754395,-2983.043976144297
362,50.0951,30.649518966674805,-378.1306217236166
363,48.6028,40.29348373413086,-69.04473680623751
364,37.7162,28.76998519897461,-80.03475926608579
365,34.982,3.139166831970215,-1013.9660241669777
1,45.6775,2.5258166790008545,-1862.067773435796
2,48.4996,12.364933967590332,-1305.7140892737812
3,49.8704,13.487167358398438,-1323.7396174529013
4,38.3229,8.306349754333496,-900.9932886506217
5,36.197,15.732434272766113,-418.7984504042759
6,37.209,43.104801177978516,-34.760471530252815
7,30.3464,22.02861785888672,-69.18549974702303
8,31.3742,32.86061096191406,-2.2094175476982936
9,26.994,21.37106704711914,-31.617374992593458
10,20.3136,3.1306583881378174,-295.25348243666497
11,25.7577,63.716896057128906,-1440.9005653035508
12,21.515,66.33218383789062,-2008.5799671592847
13,14.7238,82.7583236694336,-4628.69641092672
14,21.8878,29.55943489074707,-58.853981896927834
15,17.4163,86.09256744384766,-4716.429710018889
16,19.3325,37.50210189819336,-330.13443313883175
17,16.1683,75.53555297851562,-3524.4707262150723
18,12.251,5.94468355178833,-39.769627144985044
19,3.2731,71.79693603515625,-4695.516104972979
20,0.0,44.181636810302734,-1952.0170312374976
21,0.0,22.918827056884766,-525.2726336633932
22,0.0,28.457368850708008,-809.8218419052464
23,0.0,50.84771728515625,-2585.4903531111777
24,0.0,27.748517990112305,-769.9802506475862
25,0.0,95.07051849365234,-9038.403486651892
26,0.0,43.43362045288086,-1886.4793856449105
27,0.0,100.02830505371094,-10005.661811918253
28,0.0,101.36282348632812,-10274.421985120513
29,0.0,109.0271224975586,-11886.913440097647
30,0.0,30.619768142700195,-937.5702011127178
31,0.0,46.544185638427734,-2166.3612167444226
32,0.0,0.101500004529953,-0.01030225091958048
33,0.0,4.070374965667725,-16.56795236113453
34,0.0,10.671767234802246,-113.88661591379878
35,0.0,3.348100185394287,-11.20977485143726
36,0.0,5.720250129699707,-32.721261546329515
37,0.0,11.99315071105957,-143.83566397818868
38,0.0,22.711633682250977,-515.818304516757
39,0.0,0.09774167090654373,-0.009553434231603097
40,0.0,3.5565335750579834,-12.64893107051472
41,0.0,19.473217010498047,-379.2061807379505
42,0.0,32.337650299072266,-1045.7236268650886
43,0.0,9.57402515411377,-91.66195765160319
44,0.0,34.245826721191406,-1172.7766478178673
45,2.0905,5.7953667640686035,-13.726037739500166
46,0.4187,3.4843084812164307,-9.397955360106112
47,0.0,4.175041675567627,-17.430972992726538
48,0.0,0.0,-0.0
49,0.0,27.702468872070312,-767.4267816080246
50,0.0,100.21600341796875,-10043.247341070324
51,0.0,13.533717155456543,-183.16150004389874
52,0.0,137.27467346191406,-18844.335974075133
53,0.0,108.46210479736328,-11764.028177074215
54,0.5155,138.2063751220703,-18958.777091881562
55,0.0,93.48467254638672,-8739.38400110515
56,0.0,89.41755676269531,-7995.499457409838
57,0.0,151.9454345703125,-23087.415086761117
58,0.0,152.3356475830078,-23206.149524534354
59,0.0,118.25025177001953,-13983.122043673007
60,0.0,49.027618408203125,-2403.707366780378
61,0.0,12.09220027923584,-146.22130759315132
62,0.0,56.803653717041016,-3226.6550756055076
63,0.0,137.0970916748047,-18795.6125456898
64,0.0,42.989051818847656,-1848.058576283569
65,0.0,125.37300872802734,-15718.39131751802
66,0.0,114.64871215820312,-13144.327199534513
67,0.0,56.511104583740234,-3193.5049412744265
68,0.0,145.3275909423828,-21120.108689116547
69,0.0,145.24343872070312,-21095.656491414644
70,0.0,73.87774658203125,-5457.92144003883
71,0.0,145.40818786621094,-21143.541098535294
72,0.0,160.2246551513672,-25671.940118374536
73,0.0,143.67076110839844,-20641.287597466493
74,0.0,133.9740447998047,-17949.044680020073
75,0.0,155.53257751464844,-24190.382668350125
76,0.0,167.70726013183594,-28125.725100927288
77,0.0,90.23332977294922,-8142.053801913804
78,0.0,30.953235626220703,-958.1027957323386
79,0.0,160.88009643554688,-25882.405429110862
80,0.0,134.56809997558594,-18108.573531039292
81,0.0,144.50531005859375,-20881.784635130316
82,0.0,181.15191650390625,-32816.01685303822
83,0.0,118.57254791259766,-14059.449118485267
84,0.0,161.5669403076172,-26103.876200365135
85,0.0,149.14230346679688,-22243.42668338213
86,0.0,15.897171974182129,-252.72007677672173
87,0.0,61.58244323730469,-3792.397315075854
88,0.0,143.79391479492188,-20676.689932049252
89,0.0,181.8236846923828,-33059.852315115044
90,0.0,108.53028869628906,-11778.82356449985
91,0.0,151.16441345214844,-22850.679894332075
92,0.0,95.7191390991211,-9162.153589876893
93,0.0,35.38285827636719,-1251.946659805486
94,0.0,63.43207550048828,-4023.6282022996456
95,0.0,185.66567993164062,-34471.74470447842
96,0.0,125.43211364746094,-15733.215134069556
97,0.0,137.1859130859375,-18819.974749222398
98,0.0,198.86781311035156,-39548.40709129372
99,0.0,198.29615783691406,-39321.366212882334
100,0.0,130.34786987304688,-16990.56718044076
101,0.0,196.6381378173828,-38666.55724428804
102,0.0,143.85838317871094,-20695.234410792822
103,0.0,11.121977806091309,-123.69839031918764
104,0.0,56.05670166015625,-3142.3538010157645
105,0.0,215.71249389648438,-46531.88002304081
106,0.0,185.2020263671875,-34299.790570512414
107,0.0,149.4778289794922,-22343.621356422314
108,0.0,206.826904296875,-42777.36834102869
109,0.0,192.00143432617188,-36864.55078330729
110,0.0,179.21530151367188,-32118.12429663632
111,0.0,62.688751220703125,-3929.8795296112075
112,0.0,217.95852661132812,-47505.91932258103
113,0.0,57.725337982177734,-3332.2146451566514
114,0.0,35.23868179321289,-1241.7646945233137
115,0.0,212.8697967529297,-45313.550369633595
116,0.0,204.4224853515625,-41788.552517309785
117,0.0,143.8312530517578,-20687.42935443879
118,0.0,46.408634185791016,-2153.7613269905705
119,0.0,53.20591735839844,-2830.869641948724
120,0.0,78.34820556640625,-6138.441315475851
121,6.2843,65.79591369628906,-3541.6321647363397
122,3.3137,148.64337158203125,-21120.71344214106
123,4.5432,206.17066955566406,-40653.63647942023
124,6.5893,173.8773956298828,-27985.306939472815
125,0.0,211.8925323486328,-44898.4452651164
126,0.7938,202.24253845214844,-40581.59422396211
127,6.2663,167.71731567382812,-26066.430462110693
128,0.0,75.23883819580078,-5660.882773053891
129,0.0,140.29588317871094,-19682.934836894507
130,0.0,183.77845764160156,-33774.52149312594
131,0.0,59.761985778808594,-3571.4949442265206
132,0.0,74.30393981933594,-5521.075472675497
133,0.0,75.10476684570312,-5640.726002947427
134,0.0,129.514892578125,-16774.10739952326
135,0.0,113.06797790527344,-12784.367627587402
136,0.0,123.74117279052734,-15311.877843575145
137,0.0,222.78306579589844,-49632.29440541961
138,0.0,230.09095764160156,-52941.848788429284
139,0.0,132.8343963623047,-17644.976856937865
140,0.0,159.4062042236328,-25410.33794498653
141,0.0,219.16650390625,-48033.9564344883
142,0.0,149.1913299560547,-22258.05293405638
143,0.0,223.8644561767578,-50115.29473931552
144,0.0,153.01602172851562,-23413.902905621566
145,0.0,110.33776092529297,-12174.421486007108
146,0.0,139.24609375,-19389.47462463379
147,0.0,189.04727172851562,-35738.87094799522
148,0.0,162.11831665039062,-26282.348593556322
149,0.0,222.85284423828125,-49663.390185091645
150,0.0,194.45672607421875,-37813.418315503746
151,0.0,191.7853546142578,-36781.62224451662
152,0.0,178.0411834716797,-31698.66301199631
153,0.0,189.34286499023438,-35850.72052271012
154,0.0,185.74281311035156,-34500.39262214699
155,0.0,85.30278015136719,-7276.564301552484
156,0.0,202.79241943359375,-41124.76537973061
157,0.0,211.45883178710938,-44714.83754076902
158,0.0,74.63832092285156,-5570.878950182581
159,0.0,96.84664916992188,-9379.27345544193
160,0.0,213.84962463378906,-45731.66195601248
161,0.0,55.01987075805664,-3027.186178233256
162,0.0,201.60398864746094,-40644.16823856556
163,0.0,181.98956298828125,-33120.20103666559
164,0.0,235.1807098388672,-55309.96628031344
165,0.0,236.75405883789062,-56052.484376215376
166,0.0,190.80062866210938,-36404.87989785615
167,0.0,167.68887329101562,-28119.558225610293
168,0.0,183.06883239746094,-33514.19739536964
169,0.0,124.50281524658203,-15500.95100432454
170,0.0,94.26405334472656,-8885.711752977455
171,0.0,225.8208770751953,-50995.06852301047
172,0.0,140.93759155273438,-19863.404712685384
173,0.0,83.36964416503906,-6950.497568205232
174,0.0,101.02311706542969,-10205.670181615511
175,0.0,209.002197265625,-43681.918461859226
176,0.0,217.3573455810547,-47244.215678042034
177,0.0,100.73789978027344,-10148.124452140415
178,0.0,125.46404266357422,-15741.226001487172
179,0.0,147.34600830078125,-21710.846162173897
180,0.0,162.50738525390625,-26408.650262061507
181,0.0,89.26370239257812,-7968.008564830758
182,0.0,205.3351593017578,-42162.52764547826
183,0.0,69.03931427001953,-4766.4269148745225
184,0.0,193.05801391601562,-37271.39673719648
185,0.0,231.44947814941406,-53568.8609356361
186,0.0,33.590179443359375,-1128.3001550370827
187,0.0,178.10794067382812,-31722.43853107188
188,0.0,214.65017700195312,-46074.698486969806
189,0.0,206.50518798828125,-42644.39266607538
190,0.0,206.7921600341797,-42762.99745160178
191,0.0,222.26243591308594,-49400.59041801863
192,0.0,120.52058410644531,-14525.211193358758
193,0.0,134.58786010742188,-18113.89208829496
194,0.0,195.88027954101562,-38369.083913066424
195,0.0,214.8135986328125,-46144.882157579064
196,0.0,133.4960174560547,-17821.186676627258
197,0.0,193.14698791503906,-37305.758940652246
198,0.0,196.74261474609375,-38707.656457129866
199,0.0,192.82876586914062,-37182.93294661585
200,0.0,198.58265686035156,-39435.07160571613
201,0.0,184.5057830810547,-34042.383990353206
202,0.0,209.62181091308594,-43941.303610481555
203,0.0,162.01315307617188,-26248.2617696831
204,0.0,215.15391540527344,-46291.20731421956
205,0.0,195.5018310546875,-38220.965945735574
206,0.0,124.59661865234375,-15524.317379597574
207,0.0,124.04415893554688,-15386.953366027214
208,0.0,203.91531372070312,-41581.455169812776
209,0.0,198.256103515625,-39305.482581198215
210,0.5553,202.2478485107422,-40679.88412475809
211,0.0,194.04261779785156,-37652.5375218431
212,0.0,198.18336486816406,-39276.646110467846
213,0.0,179.20188903808594,-32113.317034818465
214,7.4845,182.4972381591797,-30629.45851797359
215,13.5447,165.13473510742188,-22979.538743869394
216,14.5588,163.43011474609375,-22162.668354230515
217,13.2657,74.20779418945312,-3713.938844196176
218,7.8346,80.95891571044922,-5347.165548121451
219,2.2651,78.73421478271484,-5847.525515652017
220,4.4358,157.1244354248047,-23313.81938788892
221,8.4156,198.57080078125,-36159.000384157494
222,6.8851,160.44264221191406,-23579.91877016377
223,14.0341,118.04297637939453,-10817.846365704174
224,12.7775,194.45005798339844,-33004.918324231265
225,16.213,197.96011352539062,-33032.01327481123
226,19.4905,186.90306091308594,-28026.96555147771
227,13.5699,85.13561248779297,-5121.651203885446
228,11.2859,76.56465148925781,-4261.315395996279
229,10.7623,157.1118927001953,-21418.20328351306
230,3.2886,141.70993041992188,-19160.464715221187
231,5.8896,187.89813232421875,-33127.105838816184
232,13.0035,53.0306282043457,-1602.170992287127
233,18.6123,57.64344787597656,-1523.4305045163494
234,12.8768,123.33377838134766,-12200.744073137503
235,18.7175,71.62644958496094,-2799.356946183938
236,24.7716,182.90086364746094,-25004.86402168821
237,28.7645,154.45880126953125,-15799.057371635685
238,30.8124,178.01220703125,-21667.783190037237
239,33.9474,97.74910736083984,-4070.657862158245
240,30.7704,30.907730102539062,-0.018859557063389792
241,28.7256,164.10910034179688,-18328.692164797318
242,35.2954,144.97059631347656,-12028.648686399623
243,37.4321,182.31719970703125,-20991.69211711639
244,44.392,168.5404510498047,-15412.83789806575
245,46.4032,182.1130828857422,-18417.17231286186
246,48.2777,187.38624572753906,-19351.187494430822
247,55.0001,158.1715850830078,-10644.355334233303
248,67.4317,106.54513549804688,-1529.8608364598729
249,63.3795,194.8711700439453,-17290.059290945785
250,64.0618,187.46095275878906,-15227.350901586957
251,66.1301,128.14317321777344,-3845.621249912929
252,76.5854,87.32928466796875,-115.43105775861383
253,68.6819,82.87574005126953,-201.4650954010231
254,73.1512,118.19535827636719,-2028.9761948264184
255,70.5014,46.4494743347168,-578.495128208309
256,74.9896,191.67190551757812,-13614.760420897444
257,61.2553,172.80531311035156,-12443.405424919605
258,67.1297,122.65428161621094,-3082.9791636552695
259,55.4451,182.9919891357422,-16268.20892820531
260,57.3055,124.85681915283203,-4563.180719287772
261,47.4994,174.2850341796875,-16074.597034345541
262,45.7602,167.7344207763672,-14877.710534001966
263,42.4211,86.86038970947266,-1974.850469882442
264,39.136,106.33820343017578,-4516.13614587073
265,43.0005,173.25808715820312,-16967.039012276888
266,47.8575,146.17135620117188,-9665.614321144702
267,48.251,64.56248474121094,-266.0645344627573
268,50.2736,146.21258544921875,-9204.288929025406
269,46.6378,142.1144561767578,-9115.791874694825
270,42.8767,153.11984252929688,-12153.550474734866
271,38.5737,148.29632568359375,-12039.054586902026
272,37.8277,141.10215759277344,-10665.613591081561
273,22.3581,90.5294418334961,-4647.331847379373
274,21.7086,51.49073028564453,-886.9752843511052
275,27.9167,23.818218231201172,-16.79755280917636
276,27.1291,75.241943359375,-2314.845696123755
277,26.5734,122.90805053710938,-9280.36489410699
278,30.7247,90.11954498291016,-3527.7476105439277
279,27.0275,137.74208068847656,-12257.718377025187
280,19.0989,135.1929473876953,-13477.827838856445
281,18.6193,151.4808349609375,-17652.187472176414
282,18.2148,108.9998779296875,-8241.930374699434
283,24.8617,97.23727416992188,-5238.223736425863
284,35.4588,145.22048950195312,-12047.628482323167
285,33.0504,32.408348083496094,-0.4122306634863433
286,32.4038,10.914819717407227,-461.7762735856609
287,20.6026,12.02773380279541,-73.52833029996188
288,36.1482,128.2654571533203,-8485.589065450942
289,31.8547,139.88365173339844,-11670.254412616927
290,26.0979,44.40303421020508,-335.07793845362033
291,20.9518,50.67082214355469,-883.220277169094
292,23.4609,109.33648681640625,-7374.616411062128
293,27.4187,133.59690856933594,-11273.811974993403
294,27.267,133.2974853515625,-11242.46382388791
295,29.2886,130.3080596923828,-10204.931236540955
296,43.0568,19.218421936035156,-568.2682687205204
297,43.4214,41.471153259277344,-3.8034623496993376
298,41.2593,122.52325439453125,-6603.830283836455
299,44.5857,110.86387634277344,-4392.7966593237725
300,40.3581,101.29823303222656,-3713.699813985471
301,42.0845,100.04944610595703,-3359.9349770665035
302,53.3387,118.59297180175781,-4258.119988377684
303,40.9077,64.52738189697266,-557.8893729141779
304,43.8291,116.95193481445312,-5346.948971301798
305,53.786,116.08033752441406,-3880.5844876056217
306,60.6521,45.63561248779297,-225.49489720426962
307,52.8544,69.0456314086914,-262.1559745297952
308,54.0374,57.544578552246094,-12.30030139733502
309,57.4144,41.673824310302734,-247.76572304308857
310,61.9613,74.1231460571289,-147.9104995173019
311,58.6882,69.60101318359375,-119.08949158001751
312,49.8892,88.11846923828125,-1461.4770264929969
313,53.657,61.30698776245117,-58.52231276565274
314,44.8122,79.86640167236328,-1228.7970548867168
315,42.2193,22.67542839050293,-381.96291748850547
316,42.2721,30.384565353393555,-141.31347997426866
317,50.0174,24.37339973449707,-657.6147496171144
318,51.0781,97.9312744140625,-2195.219952674561
319,47.3617,30.925830841064453,-270.13779500964864
320,51.0611,1.6132073402404785,-2445.0940884910997
321,51.1763,32.541297912597656,-347.26330279748964
322,51.2352,69.18885803222656,-322.3338367381334
323,47.7167,31.9064998626709,-249.96242838240124
324,42.6898,91.95113372802734,-2426.6790006640845
325,46.985,89.48979949951172,-1806.6579804936916
326,48.0611,10.788775444030762,-1389.2261778055076
327,52.2931,3.2223012447357178,-2407.9432904796467
328,49.3838,1.4298408031463623,-2299.582202653504
329,43.4968,64.56340026855469,-443.8016468750684
330,40.0164,31.37775421142578,-74.62620106045104
331,34.0712,66.58670806884766,-1057.2582649752972
332,43.4544,55.15519332885742,-136.90856452463436
333,42.9411,59.17011260986328,-263.3808502911014
334,43.9843,62.63456726074219,-347.832468897112
335,45.3515,51.76178741455078,-41.09178473714812
336,53.3053,49.99790954589844,-10.938831615882156
337,50.5243,83.25975036621094,-1071.6097106786601
338,55.716,22.743942260742188,-1087.156591560951
339,55.7911,18.465139389038086,-1393.2273355310804
340,49.8296,77.74060821533203,-779.0243795963322
341,34.0477,34.168724060058594,-0.014646823113066358
342,29.5256,5.335608959197998,-585.1556665540811
343,32.5583,56.52981185913086,-574.6333808124513
344,27.2233,12.433588027954102,-218.73558021607772
345,21.487,54.67535400390625,-1101.4668414886003
346,22.1035,13.98411750793457,-65.92437205245864
347,33.0177,19.65912437438965,-178.45154274515093
348,28.9052,11.278255462646484,-310.70917372293695
349,26.9411,4.183494567871094,-517.9086050044631
350,22.4894,19.53301239013672,-8.740227699753124
351,28.982,77.71249389648438,-2374.661035395301
352,26.0861,18.740842819213867,-53.95280305189022
353,20.0539,51.445682525634766,-985.4440101367483
354,19.9451,6.347619533538818,-184.8914750357934
355,12.0456,9.825340270996094,-4.9295532642365005
356,11.3267,6.854704856872559,-19.99874056015543
357,16.074,8.089414596557617,-63.753604064865186
358,6.0731,5.362631797790527,-0.5047650663507603
359,16.6572,66.34313201904297,-2468.691840600959
360,19.0991,25.014177322387695,-34.988139729825185
361,15.687,19.472620010375977,-14.330918862959013
362,12.6128,81.24110412597656,-4709.844127207532
363,16.3447,39.069732666015625,-516.4271096714773
364,18.3918,75.45246124267578,-3255.919061451402
365,23.8712,81.95105743408203,-3373.2698395632938
1,16.8844,74.80083465576172,-3354.313403235117
2,21.1969,49.041725158691406,-775.3342881180939
3,15.4353,10.404571533203125,-25.308228906640434
4,22.2209,35.95831298828125,-188.71651561059838
5,31.0515,17.636959075927734,-179.94990820360962
6,40.2989,0.0,-1624.0013412100002
7,43.8033,2.7570533752441406,-1684.7943619802818
8,51.7866,0.5402690768241882,-2626.1864330876456
9,53.0817,34.442115783691406,-347.43409975686035
10,77.3046,29.392179489135742,-2295.6000392098854
11,74.1913,61.87899398803711,-151.5928793322175
12,78.621,85.04536437988281,-41.272457685507135
13,79.8567,85.74495697021484,-34.67157014728365
14,76.2102,34.098751068115234,-1773.3741311427386
15,70.809,86.96466827392578,-261.0056173771321
16,75.2588,88.71607208251953,-181.09817190295973
17,62.835,25.754228591918945,-1374.9836082183615
18,66.4719,93.37246704101562,-723.6405071281758
19,64.8102,50.06448745727539,-217.43603839266572
20,62.8933,37.72770690917969,-633.3070756127432
21,66.3028,8.373539924621582,-3355.7991728808324
22,59.0478,20.808923721313477,-1462.211659056695
23,56.8432,82.2007064819336,-643.003134981304
24,69.1567,92.72846984863281,-555.628333796915
25,79.9745,8.958185195922852,-5043.316968351788
26,75.1617,11.339790344238281,-4073.2361521082103
27,67.2158,23.119653701782227,-1944.4701183538252
28,73.6939,79.44557189941406,-33.08172963850938
29,81.0802,15.957137107849121,-4241.013320455039
30,83.3687,105.97596740722656,-511.0885396218482
31,83.0643,17.93951416015625,-4241.237730685513
32,73.6458,0.0,-5423.703857639999
33,66.0978,0.3244691789150238,-4326.1310472998875
34,56.2721,0.045706167817115784,-3161.4073633717335
35,62.4712,0.0,-3902.6508294400005
36,66.1686,0.6524614095687866,-4292.36441580059
37,63.6746,1.1683629751205444,-3907.0296670104112
38,61.7914,11.769119262695312,-2502.228570161724
39,61.5433,63.52549362182617,-3.9290915544083487
40,57.0024,43.77605056762695,-174.93631930723487
41,55.2462,77.7658920288086,-507.13652907238526
42,58.1315,83.45127868652344,-641.0911927345264
43,67.5682,121.7642822265625,-2937.2153287083233
44,73.7662,95.84613800048828,-487.5236621054065
45,76.9115,123.33329772949219,-2154.9833044378856
46,74.1608,44.26817321777344,-893.5691359414884
47,68.0268,88.86954498291016,-434.4200184226267
48,65.1654,99.54480743408203,-1181.9436555186144
49,69.4288,100.18695068359375,-946.063833474659
50,74.7546,133.3048553466797,-3428.132401161394
51,64.4734,95.6570053100586,-972.4172401335146
52,64.9179,29.656566619873047,-1243.3616317444555
53,71.1188,128.63009643554688,-3307.5492176973476
54,65.5018,141.9908905029297,-5850.580965965368
55,66.3836,97.81647491455078,-988.0256253937957
56,68.1285,23.51459503173828,-1990.400516517088
57,69.0825,15.324455261230469,-2889.927374135546
58,63.175,30.009864807128906,-1099.9261923614165
59,62.6423,47.099388122558594,-241.5821096299091
60,74.8143,66.56690216064453,-68.0195711206053
61,74.4359,91.6109390258789,-294.9819655404633
62,74.4293,20.793354034423828,-2876.8146996222067
63,68.7608,135.6484375,-4473.956050331406
64,65.2243,151.7112579345703,-7479.993892776135
65,61.5365,152.47853088378906,-8270.452981268045
66,61.2438,155.8008575439453,-8941.037131368987
67,60.8702,116.32930755615234,-3075.7126109248743
68,63.4504,154.67221069335938,-8321.418746175095
69,50.4561,133.97702026367188,-6975.744121690636
70,56.5236,160.37252807617188,-10784.59986256992
71,55.2098,155.0895233154297,-9975.959129566789
72,57.9614,125.86405944824219,-4610.771160143954
73,48.6399,153.97113037109375,-11094.668091488424
74,53.9769,105.08326721191406,-2611.8607695990045
75,48.4244,141.1311798095703,-8594.547022660156
76,43.8461,150.65223693847656,-11407.550887720607
77,49.4513,81.98554992675781,-1058.4774182967406
78,39.9593,34.178077697753906,-33.42253130798761
79,39.2055,167.34764099121094,-16420.408297811384
80,41.5787,171.1393280029297,-16785.95632851353
81,47.154,115.17671966552734,-4627.090390694921
82,45.1481,47.6876335144043,-6.449230470782642
83,45.8977,52.03082275390625,-37.61519471448258
84,43.5339,73.84395599365234,-918.6994943383402
85,53.7128,187.37310791015625,-17865.077910637774
86,50.9632,188.82040405273438,-19004.608709237244
87,48.1698,189.09632873535156,-19860.286501395865
88,52.6156,96.56297302246094,-1931.3715955753273
89,62.1507,182.81417846679688,-14559.675035707152
90,63.2896,187.65283203125,-15466.213481258525
91,58.8866,184.7783660888672,-15848.73676897405
92,62.6256,147.77207946777344,-7249.922965755965
93,63.5841,141.92654418945312,-6137.538561577577
94,61.925,192.6519775390625,-17089.54265649855
95,64.8365,190.1714324951172,-15708.845303555581
96,73.0942,61.105899810791016,-143.7193414265882
97,76.1258,36.33031463623047,-1583.6806553379947
98,74.9912,48.27117156982422,-713.9599193094024
99,63.7133,92.39312744140625,-822.5325020688391
100,63.7383,206.02020263671875,-20244.13981792471
101,63.5836,199.35899353027344,-18434.95748830062
102,61.4221,91.40587615966797,-899.0268327930733
103,59.848,154.46556091308594,-8952.482833141528
104,57.9572,170.53933715820312,-12674.73760710846
105,62.8111,159.29263305664062,-9308.686220959637
106,66.118,186.5215301513672,-14497.01007291119
107,75.0394,174.48069763183594,-9888.57167470338
108,79.8879,118.90879821777344,-1522.630497721834
109,74.3369,105.28328704833984,-957.678871345656
110,59.9799,97.11091613769531,-1378.7123594177897
111,57.8153,194.11489868164062,-18577.580600776288
112,52.4671,222.2288818359375,-28819.062572112434
113,47.3134,216.51840209960938,-28630.332735528813
114,36.7448,35.93288803100586,-0.6592010453959389
115,46.51,41.53156661987305,-24.78479892036226
116,43.0835,220.27037048339844,-31395.187071700606
117,39.1502,218.46022033691406,-32152.08339322454
118,45.3952,212.00546264648438,-27758.97961913051
119,48.4366,192.20889282226562,-20670.472183371294
120,45.8909,214.61973571777344,-28469.420002675382
121,56.1095,150.44577026367188,-8899.331887260543
122,52.2681,140.9427032470703,-7863.185261025332
123,50.9399,124.96658325195312,-5479.949833284998
124,60.0568,121.97907257080078,-3834.3678403325466
125,57.0142,122.06693267822266,-4231.8580289042975
126,60.9717,164.97401428222656,-10816.481376059028
127,63.2472,156.75396728515625,-8743.515528120368
128,62.4215,84.2370376586914,-475.9176833377828
129,64.6926,165.50631713867188,-10163.405563316144
130,58.3104,57.710693359375,-0.3596480548097245
131,63.5316,117.4522705078125,-2907.438708012081
132,60.7061,210.77444458007812,-22520.508045005066
133,54.7374,222.6924285888672,-28208.89162828719
134,43.7696,40.71647644042969,-9.321563470003277
135,40.7849,161.67422485351562,-14614.228863538832
136,44.818,143.9318389892578,-9823.553079188523
137,32.6985,151.80882263183594,-14187.26895746005
138,42.482,240.2349090576172,-39106.21304075021
139,38.3382,180.05474853515625,-20083.580128717298
140,47.624,52.07719421386719,-19.830938706420177
141,48.0585,233.33905029296875,-34328.88231686532
142,48.5208,193.72109985351562,-21083.127077550846
143,54.3435,194.5027313232422,-19644.61012512211
144,51.5534,52.62872314453125,-1.156319865164568
145,45.2624,186.9815673828125,-20084.322403677623
146,38.9915,122.54435729980469,-6981.079962961525
147,40.5148,202.06321716308594,-26097.891087898435
148,43.406,208.38816833496094,-27219.115868505385
149,38.8554,139.60357666015625,-10150.195100346053
150,39.8395,61.29846954345703,-460.4873738670164
151,34.4101,240.69357299804688,-42552.871232135934
152,33.7785,234.64617919921875,-40347.824546880256
153,31.4907,212.45970153808594,-32749.77951769175
154,32.9916,166.13375854492188,-17726.83438200111
155,28.0828,188.3922882080078,-25699.1320095134
156,31.9451,199.7606201171875,-28162.048792202164
157,32.1118,175.6814422607422,-20612.242178877485
158,45.3982,129.5398406982422,-7079.815699392086
159,49.5839,202.47401428222656,-23375.3870452323
160,37.639,225.09375,-35139.2832975625
161,38.3766,192.73483276367188,-23826.464021923908
162,43.629,69.85966491699219,-688.0477819875249
163,45.3637,55.0872688293457,-94.54779077902334
164,45.854,74.92546081542969,-845.1498339430638
165,47.9229,160.93429565429688,-12771.57554773203
166,51.7732,100.04750061035156,-2330.408099418589
167,41.4675,225.80567932128906,-33980.564355487724
168,39.5716,137.6342010498047,-9616.273724653158
169,48.5971,196.6365203857422,-21915.669988146496
170,54.0094,236.95877075195312,-33470.4722585356
171,68.5225,157.53160095214844,-7922.620052309753
172,81.6887,143.15414428710938,-3778.000841411747
173,79.8958,32.412471771240234,-2254.6664596801334
174,83.3796,221.92384338378906,-19194.507374786583
175,95.0272,66.15054321289062,-833.8613072005096
176,95.2889,124.60118865966797,-859.2102664676995
177,92.7694,67.66680145263672,-630.1404538300853
178,102.1069,209.2019500732422,-11469.349750190253
179,97.2288,78.27741241455078,-359.155091413919
180,99.7414,193.71856689453125,-8831.707897522581
181,96.8811,176.40682983398438,-6324.341705627872
182,94.0994,158.61453247070312,-4162.202317712372
183,104.2779,170.0271759033203,-4322.967281810937
184,105.4298,204.53126525878906,-9821.100416438976
185,108.8953,187.77371215820312,-6221.8039045993655
186,109.5431,190.254638671875,-6514.3524747815745
187,110.4086,66.530029296875,-1925.32896694914
188,114.7015,170.12904357910156,-3072.2125872132033
189,118.4413,108.68467712402344,-95.19168994402914
190,119.604,180.97935485839844,-3766.9341839943327
191,116.0864,206.3752899169922,-8152.083642442734
192,118.3208,92.51385498046875,-665.9984112411091
193,97.4518,181.25177001953125,-7022.434975274336
194,95.2904,169.99130249023438,-5580.224832855503
195,96.4184,174.11953735351562,-6037.466746029901
196,91.3505,144.77908325195312,-2854.613508310886
197,101.0047,66.14115905761719,-1215.4664870412025
198,103.4098,210.2273712158203,-11409.993520446844
199,104.1908,174.27554321289062,-4911.871231216819
200,98.8796,156.9254608154297,-3369.3219578042363
201,97.7004,124.10408782958984,-697.1547310024307
202,93.6308,222.88250732421875,-16706.003846225503
203,96.6912,170.66934204101562,-5472.765499840684
204,93.1207,215.34417724609375,-14938.578390126397
205,93.519,99.13957214355469,-31.590831220902874
206,90.7993,171.3495635986328,-6488.3449658092295
207,87.4899,142.5279083251953,-3029.182360404268
208,86.7288,127.74998474121094,-1682.7375975725565
209,90.7475,88.8182373046875,-3.722054547524461
210,88.0517,223.77369689941406,-18420.460442364565
211,95.388,222.11477661132812,-16059.67591029746
212,107.0032,220.17575073242188,-12808.0262392826
213,103.7169,200.24563598632812,-9317.796871118238
214,113.2914,206.64593505859375,-8715.06921600621
215,110.6745,216.66635131835938,-11234.272545893202
216,114.2602,154.0409393310547,-1582.5072217253216
217,107.204,142.09983825683594,-1217.719527647255
218,101.0226,185.156494140625,-7078.512143265894
219,104.1499,144.14071655273438,-1599.2654085544534
220,103.0886,74.88224792480469,-795.5982973898749
221,109.2487,73.36045837402344,-1287.9658870044768
222,107.2379,182.0948944091797,-5603.56961197596
223,100.899,183.86317443847656,-6883.054240257968
224,105.9972,206.73643493652344,-10148.393455596062
225,103.1536,186.99305725097656,-7029.054592138327
226,108.1131,178.07318115234375,-4894.412954842523
227,112.0488,188.593505859375,-5859.091995098237
228,117.733,196.68214416503906,-6232.9673643921205
229,122.5136,117.93806457519531,-20.935524423642583
230,114.5595,56.130828857421875,-3413.9096114875415
231,112.1575,65.01886749267578,-2222.0506746605633
232,108.4079,214.57476806640625,-11271.403875029711
233,113.9598,205.32965087890625,-8348.449649633565
234,119.7242,157.19183349609375,-1403.8235597976065
235,113.9482,209.38999938964844,-9109.137070733897
236,126.7373,209.66946411132812,-6877.74384418826
237,127.2299,208.20228576660156,-6556.5272567353395
238,132.757,192.22525024414062,-3536.472787099731
239,121.2407,132.17173767089844,-119.48758456260065
240,126.9244,41.04323196411133,-7375.5750232085475
241,120.9738,54.12297439575195,-4469.032883969586
242,110.4756,97.11995697021484,-178.37320073904883
243,105.902,158.0501708984375,-2719.431728052644
244,113.0076,166.87603759765625,-2901.808569212586
245,124.9414,126.96605682373047,-4.099235253878344
246,108.0603,174.58551025390625,-4425.603599326433
247,109.2923,176.351318359375,-4496.9119433229935
248,102.4478,160.7711639404297,-3401.614781327814
249,103.0175,171.13792419433594,-4640.39219241627
250,109.5892,171.35511779785156,-3815.0286014109556
251,104.429,101.85210418701172,-6.640392030996545
252,108.0048,185.19276428222656,-5957.981830034283
253,107.4225,155.6344451904297,-2324.3916590449962
254,114.8987,171.680419921875,-3224.1637172862556
255,118.637,181.00762939453125,-3890.0954110699654
256,122.7574,186.66932678222656,-4084.7343850166885
257,121.377,174.0964813232422,-2779.343710991682
258,122.8979,167.62188720703125,-2000.2350316946943
259,119.504,160.23062133789062,-1658.6576855999276
260,115.3107,60.643714904785156,-2988.4792594004416
261,123.574,15.606425285339355,-11656.997189765829
262,138.0015,181.4071502685547,-1884.0504752360823
263,134.3307,175.28298950195312,-1677.0900154517794
264,131.3118,172.95851135253906,-1734.4485664817055
265,133.8569,103.6180419921875,-914.3885336166459
266,136.7819,150.4761505126953,-187.53249710445562
267,137.0673,112.46305847167969,-605.3687011839213
268,135.9404,103.9320068359375,-1024.5372329452036
269,132.1949,157.57354736328125,-644.0757419897828
270,119.3576,114.74293518066406,-21.295131394816828
271,117.9206,134.47732543945312,-274.1251572774345
272,119.8871,96.06966400146484,-567.2702575443185
273,126.5485,167.2435302734375,-1656.0854889559942
274,121.599,158.85723876953125,-1388.1763562074013
275,123.0962,164.2294158935547,-1691.9414497457803
276,118.4058,161.8559112548828,-1887.912168061694
277,112.2581,58.305381774902344,-2910.8958038767846
278,114.2933,58.807395935058594,-3078.6855499038816
279,113.11,100.85289764404297,-150.2365581644074
280,118.0077,130.92236328125,-166.78852766806702
281,130.6741,112.2968521118164,-337.7232399437487
282,128.8084,84.3760986328125,-1974.2294047845728
283,138.8365,136.8363037109375,-4.000785194779399
284,145.3391,138.85723876953125,-42.014525011053884
285,148.71,128.4832763671875,-409.12034891817603
286,129.8674,139.7675018310547,-98.01201626525231
287,129.8674,136.40469360351562,-42.73620765856626
288,125.6589,132.00315856933594,-40.24961679459244
289,127.3835,122.54563903808594,-23.40489868681204
290,123.0024,132.99502563476562,-99.85256707657523
291,123.3421,129.4786376953125,-37.65709488599122
292,123.3409,89.8171157836914,-1123.8441081816216
293,126.786,50.52832794189453,-5815.23254772156
294,129.5939,59.6064338684082,-4898.245415520708
295,131.3516,98.30467987060547,-1092.0989300385809
296,132.505,15.574050903320312,-13672.846856650294
297,134.0017,26.824674606323242,-11486.914772236833
298,136.592,125.79846954345703,-116.50029971632095
299,137.5928,91.9170913696289,-2086.2703588865575
300,132.2363,16.004955291748047,-13509.725492688489
301,128.7384,15.848684310913086,-12744.087908362879
302,128.2751,25.875001907348633,-10485.780089384623
303,137.6277,68.03341674804688,-4843.364261353084
304,128.5811,15.107234001159668,-12876.31826472277
305,127.9254,116.61802673339844,-127.8566901902556
306,121.03,115.00908660888672,-36.25139806328725
307,118.5835,113.8314208984375,-22.582255787507066
308,127.0382,90.0106201171875,-1371.0416719780612
309,126.3238,43.0340461730957,-6937.18309254632
310,123.4092,73.72150421142578,-2468.867112777896
311,120.2646,110.7282485961914,-90.94199809692216
312,117.7964,110.03466033935547,-60.24460255962237
313,111.8345,107.31238555908203,-20.449519016758885
314,106.0879,104.45764923095703,-2.6577175699652065
315,111.4492,23.1906681060791,-7789.568452070253
316,108.7462,89.19945526123047,-382.0752298826144
317,108.3557,107.17646789550781,-1.3905883562650705
318,104.4596,95.34005737304688,-83.166057724815
319,107.0933,83.0439682006836,-578.3703599936113
320,117.5547,8.27485466003418,-11942.08459752685
321,109.3416,3.81502628326416,-11135.857760393683
322,106.4823,31.884693145751953,-5564.802948380954
323,93.367,100.35147094726562,-48.78283441319751
324,87.4615,26.72642707824707,-3688.749082810646
325,92.6192,0.005096991080790758,-8577.3720761467
326,94.0615,0.20523333549499512,-8808.998792198672
327,95.1373,6.311964988708496,-7889.9401398681675
328,88.178,44.0406608581543,-1948.1047065223045
329,75.5972,26.406579971313477,-2419.717098806616
330,88.303,1.8645000457763672,-7471.614274336319
331,90.9275,14.34014892578125,-5865.622344565635
332,83.7788,38.4866943359375,-2051.374835484603
333,86.764,24.044437408447266,-3933.7435316757005
334,85.7054,13.44117546081543,-5222.118148249685
335,85.1869,21.490612030029297,-4057.2171011534338
336,80.5955,38.95234680175781,-1734.1522082922686
337,79.34,33.001121520996094,-2147.291658691892
338,79.1377,85.16175842285156,-36.28927988192891
339,77.2986,80.04010772705078,-7.515864617479178
340,80.7502,7.3333210945129395,-5390.038108222951
341,87.2792,35.26570510864258,-2705.403650813265
342,94.7682,37.049720764160156,-3331.422845298074
343,94.984,74.50910186767578,-419.2214535290536
344,101.6677,37.27082824707031,-4146.957091563273
345,103.2006,35.62840270996094,-4566.001846603962
346,109.1851,13.516016960144043,-9152.573449686855
347,112.8331,2.116425037384033,-12258.182114777554
348,99.4444,22.371557235717773,-5940.223091767772
349,95.8331,17.32217025756836,-6163.966089021037
350,100.6917,28.261001586914062,-5246.20607260741
351,92.1969,38.824073791503906,-2848.6585774823275
352,91.473,63.95646286010742,-757.1598161710875
353,95.257,82.22518157958984,-169.8282913425416
354,102.4535,26.98283576965332,-5695.821159369731
355,96.2242,8.759583473205566,-7650.059144179201
356,93.0222,13.124608993530273,-6383.625048637112
357,94.8524,14.197336196899414,-6505.239317082227
358,94.5883,41.291446685791016,-2840.55457319631
359,93.407,15.835379600524902,-6017.3562914002605
360,87.8205,7.455668926239014,-6458.506073514139
361,91.6006,28.851390838623047,-3937.463250378233
362,92.3794,0.28519999980926514,-8481.341673675131
363,81.7576,0.6705917119979858,-6575.102913098507
364,87.5865,0.5265666842460632,-7579.431988943523
365,99.2018,2.1199700832366943,-9424.88169998736
1,103.549,3.3839335441589355,-10033.040538103058
2,109.185,6.6370649337768555,-10516.07898634632
3,115.0199,0.7842271327972412,-13049.788955422566
4,115.5526,10.268977165222168,-11084.641237215752
5,116.9109,12.31436538696289,-10940.43505305627
6,120.069,6.49891471862793,-12898.164270818126
7,121.5384,1.329216718673706,-14450.247745163497
8,128.8292,7.312571048736572,-14766.29111167903
9,129.1644,17.357576370239258,-12500.765810176425
10,126.888,83.0998764038086,-1917.399768075335
11,124.0469,34.3450813293457,-8046.416272822943
12,125.1299,86.24642944335938,-1511.924282529139
13,132.7917,75.23723602294922,-3312.516323685635
14,121.9538,74.62135314941406,-2240.3605248635427
15,128.6005,9.479084014892578,-14189.911746297008
16,132.4053,88.81480407714844,-1900.1313348001397
17,140.6041,93.62667083740234,-2206.8788507268796
18,143.215,78.38883209228516,-4202.432045599238
19,155.8068,44.215145111083984,-12452.697440846936
20,151.4496,58.541412353515625,-8631.931331754353
21,158.6657,88.55206298828125,-4915.922095011056
22,166.4589,25.660818099975586,-19824.09986672598
23,157.7068,87.37213134765625,-4946.965614434985
24,149.0459,42.3083610534668,-11392.90222036269
25,149.0966,16.13482666015625,-17678.83316967598
26,143.6257,19.712900161743164,-15354.381963755903
27,142.7701,82.3646240234375,-3648.821527955071
28,139.5211,53.88969802856445,-7332.737003593574
29,139.316,102.198974609375,-1377.6735738483012
30,142.8687,64.2763442993164,-6176.7583745827715
31,138.1315,38.16585159301758,-9993.130861428424
32,135.3436,30.27759552001953,-11038.865297387278
33,141.5896,6.907248020172119,-18139.335934818246
34,132.5472,29.36997413635254,-10645.539936918123
35,123.8729,52.675296783447266,-5069.09870378168
36,127.3076,56.268917083740234,-5046.494470476896
37,144.3217,64.86157989501953,-6313.91068709792
38,156.5584,109.31035614013672,-2232.3776485835647
39,163.069,38.17591857910156,-15598.281786807163
40,172.7239,99.07035064697266,-5424.845332298833
41,173.3901,55.745513916015625,-13840.248634872007
42,180.3859,116.3926773071289,-4095.132550619391
43,176.7464,110.37334442138672,-4405.382506841687
44,174.5041,103.02941131591797,-5108.631122486443
45,182.2552,4.151808738708496,-31720.817978772688
46,187.5943,26.047710418701172,-26097.30060534861
47,186.1972,41.20570755004883,-21022.53288286425
48,184.4539,39.80707931518555,-20922.70273422487
49,184.8113,65.66786193847656,-14195.15883312007
50,184.6543,134.52308654785156,-2513.138562184869
51,179.1574,128.81808471679688,-2534.046663181727
52,181.9905,74.28687286376953,-11600.07129830016
53,174.5778,90.36373901367188,-7092.008067808993
54,187.4606,85.04580688476562,-10488.789848836259
55,191.3239,24.657201766967773,-27777.78829990063
56,188.1746,80.48632049560547,-11596.765542616598
57,190.511,93.76628112792969,-9359.540629635916
58,185.4494,141.09254455566406,-1967.5306249097143
59,183.7032,84.91938018798828,-9758.243056652002
60,180.9342,92.79716491699219,-7768.13695322335
61,176.9517,50.4276008605957,-16008.347663037805
62,171.1373,97.67301940917969,-5397.000522726779
63,173.8003,26.208118438720703,-21783.45205801763
64,181.2346,53.614505767822266,-16286.888451829926
65,179.9305,54.240535736083984,-15797.967116664484
66,175.3567,121.7308578491211,-2875.7309463909796
67,169.7659,75.91455078125,-8808.075750179763
68,164.9697,85.00660705566406,-6394.096233224506
69,170.9468,121.75445556640625,-2419.8867508733215
70,179.2184,133.7314453125,-2069.0630467426786
71,182.1545,161.10931396484375,-442.89985525433616
72,183.8143,57.61298751831055,-15926.771272101027
73,178.6222,20.129701614379883,-25119.872044515792
74,179.9071,82.39019012451172,-9509.547711664107
75,173.2154,41.50456619262695,-17347.74374223344
76,167.574,155.08351135253906,-156.01230665235087
77,167.6056,161.3708038330078,-38.87268324394059
78,168.6511,147.58006286621094,-443.9886058935182
79,169.8287,99.49674987792969,-4946.583207973386
80,165.5178,133.06175231933594,-1053.3950310495386
81,160.0383,164.65914916992188,-21.35224705116775
82,155.3459,85.24897766113281,-4913.578521381178
83,154.1982,13.423750877380371,-19817.445525777028
84,148.7887,23.75347900390625,-15633.806489542005
85,150.8665,181.13034057617188,-915.9000464199471
86,148.5661,77.98100280761719,-4982.255945658128
87,151.0806,30.781234741210938,-14471.937281667546
88,140.5023,185.29461669921875,-2006.3516352831116
89,136.6708,179.0267791748047,-1794.0289718564873
90,138.9849,75.10721588134766,-4080.358528362331
91,137.5547,50.19303512573242,-7632.060489603837
92,147.4388,93.6875,-2889.2022516899983
93,152.17,193.84498596191406,-1736.8044549257352
94,145.7242,185.74440002441406,-1601.6164099941116
95,150.8309,166.1422576904297,-234.4376743242799
96,155.8577,72.23204040527344,-6993.250942653081
97,158.8806,82.38468933105469,-5851.6243490712595
98,152.4487,117.06389617919922,-1252.0843414365577
99,149.573,145.48777770996094,-16.68904115903206
100,164.7479,202.06568908691406,-1392.6173823354034
101,163.6202,35.889896392822266,-16315.030459581803
102,170.7122,201.89938354492188,-972.640417464646
103,173.4834,202.33145141601562,-832.2100705010818
104,176.9538,201.72764587402344,-613.7434393898681
105,177.4609,201.06468200683594,-557.1385250262315
106,171.8478,181.98841857910156,-102.83214516681966
107,163.4006,179.51455688476562,-259.6596064840856
108,165.4332,180.74685668945312,-234.50808120243246
109,150.5545,123.94940185546875,-707.8312472801397
110,147.4274,56.75600814819336,-8221.301300343868
111,138.5985,69.1320571899414,-4825.586676683141
112,149.3329,85.81243896484375,-4034.8489701188028
113,149.1946,93.44454193115234,-3108.0689746798867
114,153.0101,171.03515625,-324.9026528156643
115,146.0552,155.3810272216797,-86.97105336862163
116,152.8067,158.11582946777344,-28.186855705580196
117,160.4775,88.04479217529297,-5246.497162819374
118,154.2583,31.396440505981445,-15095.036518327955
119,152.9314,42.76417922973633,-12136.816532244015
120,154.6335,75.51760864257812,-6259.324265279381
121,153.7159,19.65675163269043,-17971.85526096832
122,154.6804,23.261259078979492,-17270.990600419045
123,151.3355,87.14944458007812,-4119.849710369282
124,148.4223,187.64601135253906,-1538.4995322673012
125,143.25,219.150390625,-5760.869297027588
126,153.9609,218.18104553222656,-4124.227092180358
127,155.2589,209.63185119628906,-2956.417821794031
128,159.4793,137.15248107910156,-498.48684312658827
129,160.4531,162.7964630126953,-5.491350209268422
130,165.48,30.116600036621094,-18323.250049645685
131,155.5799,113.84333801269531,-1741.9406065201274
132,160.6749,94.98294067382812,-4315.433520111421
133,168.2389,165.99139404296875,-5.051283026890959
134,174.2,123.11933898925781,-2609.233929294356
135,185.9592,226.2067108154297,-1619.862126838129
136,195.0344,220.6995849609375,-658.7017190791322
137,192.3426,148.3538818359375,-1935.0073257173226
138,202.102,136.47500610351562,-4306.902327889198
139,207.6813,226.15078735351562,-341.1219631016739
140,201.9645,220.39010620117188,-339.5029638806639
141,195.6292,92.76097106933594,-10581.87252333151
142,195.4003,212.1722412109375,-281.2980119831441
143,188.451,215.9566650390625,-756.5616092411054
144,182.1212,209.39878845214844,-744.0668317647825
145,182.0611,163.23638916015625,-354.3697382037312
146,186.0557,134.8580322265625,-2621.201185439281
147,183.6804,179.7517852783203,-15.434013631398303
148,181.7423,137.6044921875,-1948.146078493186
149,178.1998,177.8268280029297,-0.13910811059862496
150,172.3501,223.3011932373047,-2596.0139020765155
151,182.7587,202.29248046875,-381.5685794013188
152,181.7541,158.3681640625,-546.9019996728538
153,187.1179,226.5161590576172,-1552.2228167711155
154,192.7912,233.32379150390625,-1642.8909740225329
155,193.6471,221.64866638183594,-784.0877198363648
156,194.8343,210.609619140625,-248.86069398856907
157,181.942,233.57241821289062,-2665.700084837987
158,186.3224,234.26513671875,-2298.5060040833805
159,183.8244,239.1470947265625,-3060.6005518084266
160,186.2716,224.893798828125,-1491.6742423192197
161,191.2014,198.86813354492188,-58.778803248830236
162,193.1167,219.08018493652344,-674.102550049079
163,190.7347,198.56564331054688,-61.32367313299879
164,195.1818,204.20803833007812,-81.47297839137136
165,190.4072,203.24903869628906,-164.91282110150746
166,197.9092,166.7574462890625,-970.4317592669082
167,200.1473,227.66226196289062,-757.0731318193178
168,192.5072,231.24778747558594,-1500.833117953525
169,186.5134,222.51937866210938,-1296.4304994162762
170,178.757,221.08200073242188,-1791.4056869995118
171,175.8247,227.65048217773438,-2685.911698333969
172,175.8914,210.3611297607422,-1188.1622697785954
173,156.4268,227.5267333984375,-5055.200529262251
174,150.3432,169.0023956298828,-348.165581554238
175,143.5702,228.12802124023438,-7150.025132895432
176,146.7163,225.26962280273438,-6170.62452335059
177,149.848,203.5389404296875,-2882.7170842242504
178,143.0202,197.47265625,-2965.0699916581652
179,140.0225,229.2527313232422,-7962.03418199931
180,139.494,210.3107452392578,-5015.011406281944
181,140.1339,204.1921844482422,-4103.463806451906
182,136.8727,132.76527404785156,-16.870947952382572
183,127.2632,230.17898559570312,-10591.658924780735
184,126.926,84.19192504882812,-1826.2011619323757
185,129.5702,169.397216796875,-1586.1912669385633
186,125.5866,101.10173034667969,-599.5088419400862
187,121.513,198.5341796875,-5932.262120454162
188,113.3622,112.36492156982422,-0.9945642672938734
189,108.3857,142.05987548828125,-1133.9500948155617
190,100.2081,226.7256622314453,-16006.693552987637
191,93.9824,219.12716674804688,-15661.21264442306
192,92.7964,86.26464080810547,-42.663878140898774
193,98.3424,221.9695281982422,-15283.66682654461
194,87.7802,196.90426635742188,-11908.061858379015
195,93.7974,126.28302764892578,-1055.3160037446514
196,97.2821,228.23593139648438,-17148.905957418854
197,100.7342,139.49037170410156,-1502.0408451578026
198,103.0094,227.929443359375,-15605.01723290813
199,113.4272,109.69270324707031,-13.946465997642372
200,104.0433,148.21958923339844,-1951.5445304328746
201,106.4124,52.62268829345703,-2893.333085473006
202,107.6518,157.1964874267578,-2454.6760522151344
203,106.6441,213.8929443359375,-11502.314611394155
204,111.2356,170.9302215576172,-3563.447842907134
205,111.0854,141.64056396484375,-933.6180449184856
206,107.416,166.67112731933594,-3511.1701136307124
207,111.6943,211.41636657714844,-9944.490562417226
208,107.8008,186.98081970214844,-6269.475520032615
209,110.4643,186.93638610839844,-5847.979953770307
210,109.0847,185.8699188232422,-5895.969829733187
211,95.8964,106.46782684326172,-111.75506550243443
212,87.9697,138.97994995117188,-2602.04560008103
213,100.3545,189.59080505371094,-7963.118139638956
214,93.5436,137.99368286132812,-1975.8098663789365
215,95.4397,86.04833984375,-88.19764558440006
216,104.7419,166.60653686523438,-3827.233294467316
217,109.3195,196.0580596923828,-7523.577737509056
218,105.2604,212.2958526611328,-11456.588126373603
219,114.0409,203.06727600097656,-7925.6956238672565
220,100.5911,129.46507263183594,-833.7062955440109
221,91.312,183.203125,-8443.978853765626
222,85.7728,157.98129272460938,-5214.0664215599645
223,84.6408,180.8551788330078,-9257.206694221542
224,79.5986,136.30453491210938,-3215.5630542563845
225,73.0839,94.34025573730469,-451.83265923084593
226,68.9848,202.50852966308594,-17828.586383140853
227,64.2291,148.2229461669922,-7054.966193924348
228,71.0462,142.69615173339844,-5133.715583398326
229,77.4419,191.86106872558594,-13091.746171854102
230,72.0446,166.6460723876953,-8949.438577919878
231,83.6658,194.13961791992188,-12204.464445804051
232,73.1776,186.92041015625,-12937.426862240729
233,72.8861,132.07693481445312,-3503.554926031876
234,76.3921,202.60792541503906,-15930.43458519962
235,69.2203,206.3435821533203,-18802.79450849909
236,62.0452,156.10658264160156,-8847.543704449785
237,50.8991,173.3721466064453,-14999.647145064524
238,51.9254,97.20454406738281,-2050.200887474808
239,61.2635,121.0169906616211,-3570.479646248439
240,58.765,139.3551025390625,-6494.764627256608
241,52.9607,137.064208984375,-7073.400223484846
242,43.9731,105.14622497558594,-3742.151219278656
243,29.6617,123.50294494628906,-8806.179253069424
244,21.9789,183.39236450195312,-26054.30652252328
245,26.6207,182.04644775390625,-24157.163064860895
246,18.3784,179.07627868652344,-25823.808214348603
247,19.1815,146.59278869628906,-16233.636487249118
248,15.3559,130.5103759765625,-13260.553337436708
249,26.6362,179.36932373046875,-23327.407084466675
250,29.4362,173.041259765625,-20622.41319028873
251,30.9334,94.58230590820312,-4051.183223311295
252,21.1535,142.39849853515625,-14700.34966979004
253,26.2104,140.2132110595703,-12996.640929484089
254,31.2127,171.73780822753906,-19747.306042361564
255,27.3231,189.0533447265625,-26156.672059313794
256,29.9962,170.08447265625,-19624.724135811844
257,35.4561,92.6229019165039,-3268.0432413607946
258,35.5083,159.18231201171875,-15295.261247074755
259,19.0807,138.4406280517578,-14246.7924245208
260,18.3532,123.08917236328125,-10969.623906882014
261,24.8407,174.3731689453125,-22359.959268880848
262,22.0094,172.97203063964844,-22789.715849642922
263,20.3197,167.2809295654297,-21597.60299538292
264,19.7469,165.26727294921875,-21176.178943279712
265,29.0059,103.53888702392578,-5555.16615470869
266,33.4922,55.04850387573242,-464.67423678291675
267,32.6344,79.49372100830078,-2195.795965358979
268,29.5262,123.65586853027344,-8860.394497619149
269,38.68,98.22298431396484,-3545.3669810130637
270,45.197,173.4210205078125,-16441.39943518792
271,44.3478,169.4020233154297,-15638.558769025356
272,54.0147,65.67784881591797,-136.02904030224877
273,65.5294,162.4584197998047,-9395.23487935093
274,60.877,42.262451171875,-346.5014280746499
275,57.8048,35.78725051879883,-484.772485157142
276,62.8938,97.79460906982422,-1218.0664737283246
277,67.3402,70.52369689941406,-10.134652508578975
278,73.944,120.15670013427734,-2135.613653700637
279,72.8548,129.02401733398438,-3154.980975912371
280,77.2128,49.34211349487305,-776.7751662670657
281,76.2294,145.34033203125,-4776.320926228058
282,62.6708,150.1836395263672,-7658.4970819676955
283,68.0329,148.59043884277344,-6489.517064404951
284,66.0461,89.79354858398438,-563.9413142489817
285,62.7359,139.5620574951172,-5902.25847546455
286,55.574,28.564594268798828,-729.5079979526427
287,56.0038,145.92726135253906,-8086.228901621586
288,51.3931,103.9673080444336,-2764.0473514993864
289,43.3441,20.68000030517578,-513.6614149769312
290,35.1229,87.59752655029297,-2753.5864315927115
291,42.7628,102.229248046875,-3536.2584433116835
292,33.4724,131.66258239746094,-9641.31191924665
293,34.5199,67.48712158203125,-1086.837698838747
294,37.3655,134.8668975830078,-9506.522530639762
295,37.7061,120.24403381347656,-6812.510518197839
296,43.71,127.89204406738281,-7086.61654336278
297,54.0225,125.41162872314453,-5096.4076998496985
298,51.224,123.15003204345703,-5173.354085516409
299,56.1051,55.14105224609375,-0.9293880718116859
300,53.9937,14.546577453613281,-1556.075477189651
301,44.482,45.838768005371094,-1.840819420398658
302,42.0724,74.11299133300781,-1026.5994929688152
303,34.0004,95.4992446899414,-3782.1078981975343
304,32.2839,49.89921188354492,-310.2992127545588
305,32.2478,75.40858459472656,-1862.8533268323858
306,38.3923,101.9941177368164,-4045.191219427214
307,32.3682,46.51629638671875,-200.1686313678841
308,26.2632,114.4119873046875,-7770.208703287037
309,28.8023,110.2247543334961,-6629.616069690256
310,26.771,95.92622375488281,-4782.444972587908
311,31.1844,109.39783477783203,-6117.341379746185
312,22.8919,79.44952392578125,-3198.7648241301035
313,20.4606,106.5638198852539,-7413.764474608383
314,12.556,103.62080383300781,-8292.798497144195
315,11.3138,107.16204071044922,-9186.885247288215
316,4.1786,98.16647338867188,-8833.720344125015
317,17.5587,103.80668640136719,-7438.715158290419
318,15.9874,99.78300476074219,-7021.70337721852
319,21.0829,84.1009521484375,-3971.274896583189
320,15.336,96.98416900634766,-6666.42350208911
321,23.7014,94.78738403320312,-5053.217125968808
322,23.833,67.80216217041016,-1933.2872219678277
323,31.4383,27.690820693969727,-14.043601149125152
324,30.9863,92.96823120117188,-3841.7597954268035
325,20.0062,90.5663070678711,-4978.728709429432
326,22.255,86.64124298095703,-4145.588285202839
327,20.4104,14.307381629943848,-37.246833225242845
328,29.1673,9.574102401733398,-383.89339212472015
329,42.5994,7.625975131988525,-1223.1404469984436
330,38.7475,18.79317855834961,-398.1749441967086
331,35.3256,70.8288803100586,-1260.482912774594
332,32.47,15.872146606445312,-275.4887372739348
333,29.684,2.7477169036865234,-725.5633470447432
334,32.4944,66.87812805175781,-1182.2407547372372
335,38.0718,18.95924949645996,-365.2895867503687
336,38.1142,12.293212890625,-666.7233753025098
337,29.4986,27.850313186645508,-2.7168494190783057
338,30.2446,33.65530014038086,-11.632875447594024
339,26.1439,0.0,-683.50350721
340,27.2102,0.17419834434986115,-730.9453855243171
341,21.5407,53.38044357299805,-1013.7692707942704
342,25.5593,52.92905807495117,-749.1036570813549
343,35.6714,22.441009521484375,-175.04323221399687
344,29.3794,53.14289093017578,-564.7035011885466
345,33.2737,16.0943546295166,-295.1299073583493
346,35.1537,0.26537084579467773,-1217.1955111721732
347,44.4543,7.678450584411621,-1352.4631002380324
348,34.9474,11.650629997253418,-542.739492560873
349,30.3035,20.088027954101562,-104.3558691205324
350,32.5593,20.91893768310547,-135.49803486857823
351,24.0858,3.2625834941864014,-433.60634564798784
352,20.7344,7.583961009979248,-172.93404563025803
353,17.4401,16.028812408447266,-1.9917326660707206
354,21.4905,21.75916290283203,-0.07217975535813302
355,32.1926,37.282623291015625,-25.908337103081546
356,28.3867,29.811487197875977,-2.030018559231274
357,25.592,71.82942199707031,-2137.899192935162
358,21.7058,12.721325874328613,-80.72077531485863
359,9.3577,11.362325668334961,-4.018524070147391
360,9.0165,4.047749996185303,-24.68847660040856
361,14.2296,84.944091796875,-5000.539350090301
362,14.4427,83.26223754882812,-4736.128748434564
363,16.2709,28.944643020629883,-160.62376215296464
364,15.7736,67.50723266601562,-2676.3687488222386
365,30.0254,68.53728485107422,-1483.1652747823996
366,32.319,57.66338348388672,-642.3377741783098
1,31.1058,58.390296936035156,-744.4437730525119
2,21.0167,7.1034064292907715,-193.57973798473876
3,38.1699,22.029184341430664,-260.5227019707853
4,41.9904,77.76677703857422,-1279.9491540062206
5,38.1182,32.673553466796875,-29.644175871520826
6,40.4179,79.72952270507812,-1545.4036797064136
7,34.6041,83.45305633544922,-2386.220535062624
8,37.0563,46.15715789794922,-82.82561447866466
9,36.5205,14.316265106201172,-493.0280472189934
10,38.6591,9.777167320251465,-834.1660353175265
11,38.5177,17.51576805114746,-441.0811455842329
12,42.5517,59.49372482299805,-287.0322051030821
13,35.9551,35.8350830078125,-0.014404078413734823
14,32.7704,61.349159240722656,-816.7454797391905
15,36.4825,26.516925811767578,-99.31266890116433
16,34.6901,6.142716884613037,-814.9530827366807
17,33.9317,13.046396255493164,-436.19591250031124
18,25.5051,38.83341598510742,-177.64400699887005
19,32.509,18.77427101135254,-188.6427803915929
20,31.6931,19.08648681640625,-158.9266959607598
21,25.5555,13.975598335266113,-134.0941225649066
22,40.653,22.71754264831543,-321.6806304140961
23,41.3993,39.05881118774414,-5.477887880294828
24,38.8009,9.59055233001709,-853.2444110012759
25,39.7742,8.0108003616333,-1008.9135565865938
26,38.9524,26.899324417114258,-145.27663100675642
27,45.8808,68.55569458007812,-514.1508442176563
28,38.3409,47.93131637573242,-91.97608625991664
29,34.6383,22.708940505981445,-142.30961793753065
30,36.8035,50.09242630004883,-176.59556220812945
31,25.6391,32.266944885253906,-43.928327822986375
32,34.8157,81.60621643066406,-2189.3524278482437
33,28.1363,71.34564971923828,-1867.0479031594375
34,22.8197,113.40162658691406,-8205.085424197088
35,22.2003,22.206233978271484,-3.521209812646542e-05
36,16.9434,88.42801666259766,-5110.050419398535
37,15.5005,99.03025817871094,-6977.2205013939265
38,16.119,18.868879318237305,-7.561836264869265
39,10.3005,28.34746551513672,-325.692964304534
40,19.1494,123.02194213867188,-10789.505010350164
41,22.5656,99.83076477050781,-5969.905687013721
42,17.5826,74.7806167602539,-3271.6131213062868
43,19.6709,126.78441619873047,-11473.305352455694
44,21.3959,109.53871154785156,-7769.155227560075
45,34.2874,114.6924819946289,-6464.977210562999
46,29.2028,126.41309356689453,-9449.841175361817
47,25.6836,92.50257110595703,-4464.774899658721
48,18.844,129.935791015625,-12341.3860310593
49,13.0532,130.29629516601562,-13745.943364107396
50,6.0555,116.86824798583984,-12279.465116173253
51,6.4337,30.21563148498535,-565.5802651565375
52,11.4143,144.79408264160156,-17790.16641752088
53,11.0086,136.90943908691406,-15851.021282789028
54,10.0738,42.610992431640625,-1058.668891333612
55,8.7968,26.53328514099121,-314.5829051566021
56,23.1431,120.19330596923828,-9418.742478671573
57,28.3165,139.56556701660156,-12376.354912064304
58,42.5104,128.88760375976562,-7461.021329356068
59,46.2383,82.02245330810547,-1280.5056279779953
60,42.357,50.87825012207031,-72.61170364288333
61,42.415,101.96184539794922,-3545.826796847266
62,55.0914,135.71597290039062,-6500.3217553704035
63,57.5573,190.14035034179688,-17578.265237935444
64,39.8231,112.6653060913086,-5305.9869882486755
65,45.3639,30.509790420532227,-220.6445713988363
66,44.6458,181.0839385986328,-18615.365664259734
67,51.0354,146.1919708251953,-9054.77297121041
68,35.6878,111.52040100097656,-5750.58337457331
69,38.2199,126.98568725585938,-7879.364987152488
70,43.6645,125.19302368164062,-6646.900173707835
71,38.8564,88.74268341064453,-2488.6412725271475
72,36.7152,50.96784591674805,-203.1379156281947
73,30.4442,22.775405883789062,-58.81040319683147
74,23.7298,106.23301696777344,-6806.7808100315
75,31.3197,126.04345703125,-8972.590146115284
76,34.0149,165.00442504882812,-17158.255672517567
77,37.2373,117.40106964111328,-6426.229963073474
78,36.0895,307.8385009765625,-73847.51953175977
79,40.6769,435.6209411621094,-155980.79564945796
80,35.3289,79.5621337890625,-1956.5789714378607
81,33.4128,0.0,-1116.4152038399998
82,30.6479,0.0,-939.29377441
83,27.7249,0.0,-768.6700800100001
84,20.6782,0.0,-427.58795524000004
85,23.1193,0.0,-534.5020324899999
86,19.2172,0.0,-369.3007758399999
87,20.4467,0.0,-418.06754089
88,23.7741,50.10733413696289,-693.4392201121077
89,14.5198,20.68602752685547,-38.02236191295011
90,9.6797,56.21935272216797,-2165.9392754999967
91,3.2019,150.50595092773438,-21698.483419720564
92,4.7594,43.715431213378906,-1517.5723678977517
93,6.6079,42.701690673828125,-1302.761725206122
94,0.0,66.9212646484375,-4478.455662146211
95,4.4242,83.49259185791016,-6251.810590996033
96,0.0,235.57064819335938,-55493.53029023949
97,1.4428,192.82931518554688,-36628.798194867566
98,0.0,179.4895782470703,-32216.508699311176
99,0.0,187.52040100097656,-35163.90079156705
100,0.0,112.39388275146484,-12632.384879950027
101,0.0,173.23934936523438,-30011.872168489732
102,0.0,154.2100830078125,-23780.74970127642
103,0.0,208.28025817871094,-43380.665946990484
104,0.0,112.98208618164062,-12764.95179795567
105,7.5603,151.48431396484375,-20714.121795752537
106,1.032,182.3146209716797,-32863.38866636168
107,0.0,201.51849365234375,-40609.70328390971
108,0.0,194.48170471191406,-37823.13346765214
109,0.0,109.34716796875,-11956.803142786026
110,0.0,115.27987670898438,-13289.449974038638
111,0.0,176.93814086914062,-31307.105694227852
112,0.0,210.8169708251953,-44443.79518791125
113,0.0,203.2747802734375,-41320.636295214295
114,0.0,200.30450439453125,-40121.89448073879
115,0.0,158.09149169921875,-24992.91974768415
116,0.0,45.33127975463867,-2054.924924193314
117,0.0,86.34671783447266,-7455.755680786038
118,0.0,37.35328674316406,-1395.268030517036
119,0.0,40.985862731933594,-1679.840943880903
120,0.0,30.90212631225586,-954.9414106186159
121,0.0,78.28033447265625,-6127.8107651509345
122,0.0,166.31251525878906,-27659.852731704945
123,0.0,129.77659606933594,-16841.96488734358
124,0.0,200.6432342529297,-40257.70745147602
125,0.0,220.34449768066406,-48551.69765814417
126,0.0,216.6355743408203,-46930.972069977084
127,0.0,198.80995178222656,-39525.39692765125
128,0.0,174.78988647460938,-30551.504413806833
129,0.0,208.5810546875,-43506.056374549866
130,0.0,33.2200927734375,-1103.5745638757944
131,0.0,171.46324157714844,-29399.643212143565
132,0.0,223.2106475830078,-49822.99319442571
133,0.0,219.31137084960938,-48097.47738393489
134,0.0,214.42825317382812,-45979.47575917933
135,0.0,224.0832977294922,-50213.32432132424
136,0.0,219.4957733154297,-48178.394503338495
137,0.0,135.86990356445312,-18460.630694613792
138,0.0,132.95884704589844,-17678.055007774616
139,0.0,44.171295166015625,-1951.1033166432753
140,0.0,159.9220733642578,-25575.069549123058
141,0.0,238.75149536132812,-57002.276537270285
142,0.0,136.83802795410156,-18724.64589436748
143,0.0,103.92294311523438,-10799.97810573224
144,0.0,126.6234130859375,-16033.488741531968
145,0.0,227.9621124267578,-51966.72470206977
146,0.0,92.24137115478516,-8508.470552514831
147,0.0,160.69815063476562,-25823.895617433824
148,0.0,227.38966369628906,-51706.05915591144
149,0.0,214.5902557373047,-46048.97785740183
150,0.0,197.53204345703125,-39018.90819231048
151,0.0,243.32919311523438,-59209.096222111024
152,0.0,263.6478576660156,-69510.19285187963
153,0.0,240.81121826171875,-57990.042840693146
154,0.0,252.33139038085938,-63671.13057153765
155,0.0,294.85247802734375,-86937.98379886523
156,0.0,407.97357177734375,-166442.43526876345
157,0.0,255.14068603515625,-65096.769670490175
158,0.0,261.3253173828125,-68290.92150522768
159,0.0,215.31243896484375,-46359.446372989565
160,0.0,212.47894287109375,-45147.30116361752
161,0.0,238.93727111816406,-57091.01952939504
162,0.0,251.53228759765625,-63268.491704110056
163,0.0,204.48887634277344,-41815.700547930086
164,0.0,199.03903198242188,-39616.53625249956
165,0.0,151.23876953125,-22873.165409326553
166,0.0,230.4188690185547,-53092.85519978986
167,0.0,252.10980224609375,-63559.3523885645
168,0.0,146.28196716308594,-21398.413917102152
169,0.0,252.54684448242188,-63779.90865802858
170,0.0,229.33389282226562,-52594.03439701442
171,0.0,196.2080841064453,-38497.61226872192
172,0.0,78.39503479003906,-6145.781479731435
173,0.0,140.89187622070312,-19850.52078498993
174,0.0,225.9696044921875,-51062.262154355645
175,0.0,234.9183807373047,-55186.645608237246
176,0.0,191.96141052246094,-36849.18312977278
177,0.0,301.06256103515625,-90638.66565704718
178,0.0,485.2925720214844,-235508.8804592276
179,0.0,143.11744689941406,-20482.603607006604
180,0.0,143.91909790039062,-20712.70674046222
181,0.0,242.7604522705078,-58932.6371865815
182,0.0,391.6705627441406,-153405.8297203118
183,0.0,135.58660888671875,-18383.72850940004
184,0.0,159.01760864257812,-25286.599858404137
185,0.0,268.2895812988281,-71979.2994335005
186,0.0,415.8857421875,-172960.95055484772
187,0.0,216.97703552246094,-47079.033944115276
188,0.0,288.34161376953125,-83140.88623121753
189,0.0,393.8191833496094,-155093.54917415325
190,0.0,243.0592803955078,-59077.81378638209
191,0.0,153.0572967529297,-23426.53608931438
192,0.0,171.89878845214844,-29549.19347131648
193,0.0,107.67955017089844,-11594.885525007034
194,0.0,207.2511444091797,-42953.03685891465
195,0.0,266.5820617675781,-71065.99565625284
196,0.0,245.43374633789062,-60237.72384145204
197,0.0,192.83949279785156,-37187.069982532645
198,0.0,265.0344543457031,-70243.2619903246
199,0.0,189.84375,-36040.6494140625
200,0.0,206.82640075683594,-42777.160050027305
201,0.0,182.0768280029297,-33151.97129560844
202,0.0,148.61546325683594,-22086.555919043953
203,0.0,153.99205017089844,-23713.5515158365
204,0.0,241.1239013671875,-58140.735810533166
205,0.0,152.6476593017578,-23301.30789030553
206,0.0,207.90794372558594,-43225.71306420141
207,0.0,93.91668701171875,-8820.344099257141
208,0.0,197.239990234375,-38903.613747656345
209,0.0,232.66078186035156,-54131.039415870095
210,0.0,257.03717041015625,-66068.1069724597
211,0.0,220.81028747558594,-48757.183055050904
212,0.0,202.7045135498047,-41089.11981346295
213,0.0,173.4498291015625,-30084.843215361238
214,0.0,179.74256896972656,-32307.39109983691
215,0.0,158.23866271972656,-25039.47437932738
216,0.0,222.7341766357422,-49610.513441602
217,0.0,169.11949157714844,-28601.40243131318
218,0.0,161.6070556640625,-26116.840440407395
219,0.0,195.13087463378906,-38076.058235347504
220,0.0,215.31520080566406,-46360.63569798344
221,0.0,202.6973419189453,-41086.212421005825
222,0.0,152.75595092773438,-23334.380543836392
223,0.0,197.44239807128906,-38983.50055614137
224,0.0,208.98280334472656,-43673.812093820656
225,0.0,126.18387603759766,-15922.370571871812
226,0.0,120.80976867675781,-14595.000207731733
227,0.0,139.29017639160156,-19401.753239203477
228,0.0,143.42074584960938,-20569.510340058245
229,0.0,130.4298858642578,-17011.95512656332
230,0.0,163.2206573486328,-26640.982985319803
231,0.0,197.32028198242188,-38935.29368162248
232,0.0,90.1883316040039,-8133.93515751377
233,0.0,76.37640380859375,-5833.355058733374
234,0.0,197.6787567138672,-39076.89085594029
235,0.0,208.38226318359375,-43423.16760951653
236,0.0,156.0613555908203,-24355.146708844462
237,0.0,147.60546875,-21787.374404907227
238,0.0,108.87646484375,-11854.08459687233
239,0.0,65.35474395751953,-4271.242557752936
240,0.0,153.01817321777344,-23414.561334904516
241,0.0,175.06475830078125,-30647.669598910958
242,0.0,171.0537109375,-29259.372025489807
243,0.0,123.2153091430664,-15182.012407221424
244,0.0,221.47975158691406,-49053.28036300116
245,0.0,138.07537841796875,-19064.81012526527
246,0.0,167.52879333496094,-28065.896596268052
247,0.0,64.04180145263672,-4101.3523332989425
248,0.0,178.09654235839844,-31718.37840001681
249,0.0,125.1598129272461,-15664.978771983238
250,0.0,182.26910400390625,-33222.02627438679
251,0.0,178.17669677734375,-31746.9352744855
252,0.0,164.7210235595703,-27133.015602512518
253,0.0,208.80062866210938,-43597.70252969209
254,0.0,176.0493621826172,-30993.377924906323
255,0.0,164.27499389648438,-26986.27361968998
256,0.0,204.15150451660156,-41677.83679639199
257,0.0,162.13961791992188,-26289.25569921825
258,0.0,166.650634765625,-27772.43406778574
259,0.0,122.4352035522461,-14990.379068879934
260,0.0,132.77297973632812,-17628.6641480634
261,0.0,136.01968383789062,-18501.354391359724
262,0.0,114.44113159179688,-13096.772600010969
263,0.0,153.3345489501953,-23511.483901759842
264,0.0,123.07704162597656,-15147.958175402367
265,0.0,162.09242248535156,-26273.953427169705
266,0.0,148.1637420654297,-21952.49446283118
267,0.0,149.6211395263672,-22386.485393168638
268,0.0,143.3430633544922,-20547.23381184996
269,0.0,65.11258697509766,-4239.648982589657
270,0.0,109.96868896484375,-12093.112552646548
271,0.0,161.66262817382812,-26134.805348069407
272,0.0,159.5500946044922,-25456.232688302407
273,0.0,156.0610809326172,-24355.060981856892
274,0.0,167.7642364501953,-28144.83903171704
275,0.0,124.47067260742188,-15492.948339344002
276,0.0,72.17328643798828,-5208.983275259903
277,0.0,89.51295471191406,-8012.569061257178
278,0.0,57.97895431518555,-3361.5591434823727
279,0.0,20.426334381103516,-417.23513624865154
280,0.0,46.531681060791016,-2165.1973423431773
281,0.0,149.74270629882812,-22422.8780896971
282,0.0,155.6983642578125,-24241.980632558465
283,0.0,7.181950092315674,-51.580407128513116
284,0.0,63.983360290527344,-4093.8703940674313
285,0.0,53.00870895385742,-2809.923224954764
286,0.0,87.95315551757812,-7735.757565499283
287,0.0,13.986419677734375,-195.61993540171534
288,0.0,52.644134521484375,-2771.404899516143
289,0.0,140.09283447265625,-19626.002270583063
290,0.0,170.4251708984375,-29044.738875761628
291,0.0,137.7047576904297,-18962.600290579954
292,0.0,125.52860260009766,-15757.430070733244
293,0.0,114.97157287597656,-13218.46256957599
294,0.0,109.23148345947266,-11931.516978757048
295,0.0,203.3468780517578,-41349.95281339646
296,0.0,305.423095703125,-93283.26738888025
297,0.0,42.188236236572266,-1779.8472767528292
298,0.0,147.4268798828125,-21734.684911981225
299,0.0,94.56352233886719,-8942.259757133434
300,0.0,32.46992874145508,-1054.2962724751706
301,0.0,34.425315856933594,-1185.1023718496435
302,0.0,41.613853454589844,-1731.712799340079
303,0.0,48.28527069091797,-2331.467365695222
304,0.0,89.43682861328125,-7998.946312401444
305,0.0,32.88496017456055,-1081.4206056824332
306,0.0,28.383684158325195,-805.6335263995607
307,0.0,110.87732696533203,-12293.781634977146
308,0.0,13.422384262084961,-180.16039927906604
309,0.0,22.42536735534668,-502.89710102224853
310,0.0,92.95468139648438,-8640.572793521918
311,0.0,39.02801513671875,-1523.1859655119479
312,0.0,105.27775573730469,-11083.40585308359
313,0.0,105.15216827392578,-11056.978492708004
314,0.0,137.64500427246094,-18946.14720116579
315,0.0,55.95397186279297,-3130.8469672222272
316,0.0,224.50213623046875,-50401.20917204395
317,0.0,314.25225830078125,-98754.48184714094
318,0.0,7.815116882324219,-61.07605188438902
319,0.0,113.80282592773438,-12951.083189138211
320,0.0,58.57090377807617,-3430.5507693806576
321,0.0,18.28821563720703,-334.4588311929838
322,0.0,28.37240219116211,-804.9932060970605
323,0.0,94.43521118164062,-8918.009110921063
324,0.0,107.18861389160156,-11489.39894800284
325,0.0,84.21583557128906,-7092.306960970396
326,0.0,86.86833953857422,-7546.108414189017
327,0.0,91.09375762939453,-8298.072679042874
328,0.0,89.65413665771484,-8037.8642198402085
329,0.0,91.48087310791016,-8368.75014458556
330,0.0,86.52473449707031,-7486.529679788509
331,0.0,86.13297271728516,-7418.888989116589
332,0.0,60.177799224853516,-3621.3675195467804
333,0.0,86.03998565673828,-7402.879131811729
334,0.0,87.0079574584961,-7570.384661099466
335,0.0,94.02518463134766,-8840.735344959015
336,0.0,73.95438385009766,-5469.250890647585
337,0.0,88.60450744628906,-7850.758739799494
338,0.0,13.634992599487305,-185.91302318807357
339,0.0,58.0562858581543,-3370.5323276437266
340,0.0,56.44546890258789,-3186.0909596330166
341,0.0,85.11228942871094,-7244.10181179666
342,0.0,76.62743377685547,-5871.76360722637
343,0.0,64.88260650634766,-4209.752627057547
344,0.0,82.98725128173828,-6886.883875298372
345,0.0,42.46543502807617,-1803.3131721237587
346,0.0,87.53726959228516,-7662.773567672411
347,0.0,237.3253173828125,-56323.306270852685
348,0.0,363.4920654296875,-132126.48163034022
349,0.0,56.0255126953125,-3138.858072772622
350,0.0,90.41448211669922,-8174.778576430923
351,0.0,19.21540069580078,-369.23162390018115
352,0.0,72.95480346679688,-5322.403348878957
353,0.0,70.36531829833984,-4951.27801922668
354,0.0,81.26200103759766,-6603.512812634523
355,0.0,46.45343780517578,-2157.9218839193345
356,0.0,22.494539260864258,-506.0042965585635
357,0.0,112.5647964477539,-12670.83339932427
358,0.0,3.1216812133789062,-9.7448935979628
359,0.0,63.530399322509766,-4036.1116380775493
360,0.0,54.322021484375,-2950.882018148899
361,0.0,61.33164978027344,-3761.571264770115
362,0.0,15.29440689086914,-233.91888214346545
363,0.0,45.62306213378906,-2081.4637984635774
364,0.0,52.476993560791016,-2753.8348531793017
365,0.0,35.1097297668457,-1232.6931243009312
1,0.0,35.247886657714844,-1242.413513835112
2,0.0,41.75229263305664,-1743.2539401163958
3,0.0,5.075188636779785,-25.757539698898654
4,0.0,2.4081039428710938,-5.798964599671308
5,0.0,231.06517028808594,-53391.11292026215
6,0.0,293.0948181152344,-85904.57240600232
7,0.0,26.643264770507812,-709.8635576313827
8,0.0,38.26624298095703,-1464.3053518776433
9,0.0,34.672950744628906,-1202.2135133394622
10,0.0,28.836849212646484,-831.5638725129102
11,0.0,43.208526611328125,-1866.9767719218507
12,0.0,71.25057983398438,-5076.645126678981
13,0.0,101.40486907958984,-10282.947473048756
14,0.0,36.18940353393555,-1309.6729281420266
15,0.0,33.1867561340332,-1101.3607826997904
16,0.0,58.36708450317383,-3406.7165534006344
17,0.0,91.43922424316406,-8361.131730191642
18,0.0,88.37947082519531,-7810.930863341549
19,0.0,97.90839385986328,-9586.053588218114
20,0.0,84.16730499267578,-7084.1352297301055
21,0.0,14.366978645324707,-206.41007539521615
22,0.0,61.57229995727539,-3791.148122028695
23,0.0,71.64350128173828,-5132.791275906435
24,0.0,71.43435668945312,-5102.867315636016
25,0.0,95.6812744140625,-9154.906273499131
26,0.0,94.23284912109375,-8879.82985347882
27,0.0,102.00762176513672,-10405.554898179194
28,0.0,86.30799102783203,-7449.069315260334
29,0.0,100.54557037353516,-10109.41172173951
30,0.0,55.31196594238281,-3059.413576411316
31,0.0,49.9132194519043,-2491.3294760539575
32,0.0,106.71040344238281,-11387.110202836106
33,0.0,103.53986358642578,-10720.50335149566
34,0.0,46.48539733886719,-2160.8921657523606
35,0.0,68.02318572998047,-4627.1537968554185
36,0.0,79.98385620117188,-6397.417252809741
37,0.0,29.773176193237305,-886.4420206335526
38,0.0,50.19105911254883,-2519.1424148393708
39,0.0,37.571956634521484,-1411.651925346363
40,0.0,60.95584487915039,-3715.615024931045
41,0.0,48.06960678100586,-2310.6870960805245
42,0.0,69.88263702392578,-4883.582957417762
43,0.0,125.18790435791016,-15672.01139752526
44,0.0,35.27745056152344,-1244.4985181207303
45,0.0,8.26507568359375,-68.3114760555327
46,0.0,66.39067840576172,-4407.722179177275
47,0.0,148.76487731933594,-22130.988723837072
48,0.0,53.49631118774414,-2861.855310695959
49,0.0,124.82720947265625,-15581.832224730402
50,0.0,24.05768394470215,-578.7721567831795
51,0.0,20.77224349975586,-431.48610001314955
52,0.0,98.2698745727539,-9656.968248544785
53,0.0,57.03142547607422,-3252.5834918330074
54,0.0,95.31522369384766,-9084.991867808218
55,0.0,45.95411682128906,-2111.7808528246824
56,0.0,140.88111877441406,-19847.489627130562
57,0.0,145.98757934570312,-21312.373323217966
58,0.0,135.2877197265625,-18302.76710881293
59,0.0,48.35081481933594,-2337.8012936937157
60,0.0,150.38404846191406,-22615.362031795317
61,0.0,163.14443969726562,-26616.10820413474
62,0.0,154.64463806152344,-23914.964081179583
63,0.0,151.33863830566406,-22903.38344421261
64,0.0,8.574895858764648,-73.52883898865912
65,0.0,48.540802001953125,-2356.2094589928165
66,0.0,189.72018432617188,-35993.74834075663
67,0.0,163.2578582763672,-26653.128288986394
68,0.0,175.098876953125,-30659.61671024561
69,0.0,114.76988983154297,-13172.12761194451
70,0.0,132.7238311767578,-17615.61536223651
71,0.0,168.379638671875,-28351.702719271183
72,0.0,168.084716796875,-28252.472020685673
73,0.0,190.88800048828125,-36438.22873041406
74,0.0,160.95155334472656,-25905.40252408036
75,0.0,125.14425659179688,-15661.084957913496
76,0.0,91.86917877197266,-8439.946008236671
77,0.0,169.73760986328125,-28810.856202099472
78,0.0,136.4514923095703,-18619.009753508726
79,0.0,108.7908935546875,-11835.458520427346
80,0.0,171.54733276367188,-29428.48737832997
81,0.0,113.45249938964844,-12871.469617758179
82,0.0,86.24478912353516,-7438.163650963048
83,0.0,162.95790100097656,-26555.277498644078
84,0.0,44.02589416503906,-1938.2793570312206
85,0.0,24.36452865600586,-593.6302566293307
86,0.0,59.21232604980469,-3506.099556228379
87,0.0,111.796875,-12498.541259765625
88,0.0,148.0160675048828,-21908.756239610026
89,0.0,167.36764526367188,-28011.928681106307
90,0.0,151.03953552246094,-22812.94129084074
91,0.0,68.04320526123047,-4629.877782221942
92,0.0,105.69711303710938,-11171.879704379477
93,0.0,27.046932220458984,-731.5365425381024
94,0.0,201.91046142578125,-40767.8344331719
95,0.0,106.22509002685547,-11283.76975121355
96,0.0,90.9084243774414,-8264.341622788983
97,0.0,203.33274841308594,-41344.2065772193
98,0.0,223.2829132080078,-49855.25933065475
99,0.0,292.8142395019531,-85740.17885510717
100,0.0,145.05055236816406,-21039.662742309505
101,0.0,112.29359436035156,-12609.85133436718
102,0.0,159.84747314453125,-25551.21467069164
103,0.0,64.73530578613281,-4190.65981522412
104,0.0,52.94091033935547,-2802.739987559675
105,0.0,39.49787521362305,-1560.0821463909379
106,0.0,121.14192962646484,-14675.36711362336
107,0.0,215.09933471679688,-46267.72379560862
108,0.0,26.058534622192383,-679.0472266559991
109,0.0,213.37774658203125,-45530.06273642555
110,0.0,206.61903381347656,-42691.42513401457
111,0.0,107.67584228515625,-11594.087011817843
112,0.0,204.1997833251953,-41697.55151005671
113,0.0,164.7577362060547,-27145.111639743904
114,0.0,200.51974487304688,-40208.16808395181
115,0.0,203.30123901367188,-41331.39378449414
116,0.0,227.1659393310547,-51604.36399216042
117,0.0,170.05807495117188,-28919.74885609839
118,0.0,227.8018798828125,-51893.696478143334
119,0.0,216.6423797607422,-46933.920708397636
120,0.0,206.56077575683594,-42667.35408126586
121,0.0,88.32477569580078,-7801.26600171352
122,0.0,118.09371948242188,-13946.126581192948
123,0.0,91.88201904296875,-8442.305423412472
124,0.0,200.43702697753906,-40175.00178359472
125,0.0,209.3138427734375,-43812.284776583314
126,0.0,341.25177001953125,-116452.77054146305
127,0.0,465.18304443359375,-216395.26482850686
128,0.0,206.3389892578125,-42575.77848793566
129,0.0,205.7177734375,-42319.80230808258
130,0.0,206.94711303710938,-42827.107594394125
131,0.0,103.65386962890625,-10744.124689046293
132,0.0,67.19499206542969,-4515.166958673159
133,0.0,71.23045349121094,-5073.777504563564
134,0.0,176.32861328125,-31091.779861688614
135,0.0,183.41580200195312,-33641.35642401967
136,0.0,208.0443572998047,-43282.454604288796
137,0.0,206.0394744873047,-42452.26504700468
138,0.0,136.9616241455078,-18758.48648857535
139,0.0,162.42559814453125,-26382.074932608753
140,0.0,101.9169692993164,-10387.068631157803
141,0.0,70.15288543701172,-4921.427335138491
142,0.0,188.789306640625,-35641.402301847935
143,0.0,202.95814514160156,-41192.008679319406
144,0.0,229.16983032226562,-52518.81112993602
145,0.0,148.04136657714844,-21916.246218029642
146,0.0,202.34091186523438,-40941.844614454545
147,0.0,199.38250732421875,-39753.38422689214
148,0.0,242.714111328125,-58910.13983780146
149,0.0,265.7964782714844,-70647.76786152367
150,0.0,392.2549133300781,-153863.9170315871
151,0.0,178.8718719482422,-31995.14657426835
152,0.0,194.91917419433594,-37993.48446860188
153,0.0,144.7491912841797,-20952.32837742404
154,0.0,356.7938537597656,-127301.85408074502
155,0.0,397.6610412597656,-158134.30373580102
156,0.0,247.55776977539062,-61284.84937616531
157,0.0,155.64004516601562,-24223.823659279384
158,0.0,200.24212646484375,-40096.90921116248
159,0.0,204.98001098632812,-42016.8049039552
160,0.0,156.8813934326172,-24611.771605359623
161,0.0,147.61668395996094,-21790.68538333499
162,0.0,240.22640991210938,-57708.7280192608
163,0.0,155.7111053466797,-24245.94832828478
164,0.0,241.37393188476562,-58261.374993511476
165,0.0,38.88949203491211,-1512.3925907334924
166,0.0,227.89744567871094,-51937.245746881
167,0.0,317.8683166503906,-101040.266730153
168,0.0,226.92947387695312,-51496.98611407075
169,0.0,221.24722290039062,-48950.333641135134
170,0.0,79.19534301757812,-6271.90235567186
171,0.0,130.43521118164062,-17013.344315999188
172,0.0,59.92909240722656,-3591.4961167539004
173,0.0,80.05065155029297,-6408.106813626422
174,0.0,115.5368881225586,-13348.772517044621
175,0.0,211.46888732910156,-44719.09030820825
176,0.0,273.8959655761719,-75018.99995890353
177,0.0,138.44686889648438,-19167.535507240333
178,0.0,201.619873046875,-40650.57320743799
179,0.0,129.4186553955078,-16749.188364381203
180,0.0,222.95082092285156,-49707.068550173426
181,0.0,251.41323852539062,-63208.61650582496
182,0.0,310.9222717285156,-96672.6590568209
183,0.0,326.74261474609375,-106760.73629111424
184,0.0,283.24676513671875,-80228.72996041551
185,0.0,305.2564392089844,-93181.49367854837
186,0.0,200.0906219482422,-40036.25699163438
187,0.0,249.79052734375,-62395.30755066872
188,0.0,335.2303771972656,-112379.40579582099
189,0.0,452.40399169921875,-204669.3717053868
190,0.0,218.1055145263672,-47570.01546681137
191,0.0,198.93031311035156,-39573.26947418251
192,0.0,223.4712677001953,-49939.40748753236
193,0.0,218.43450927734375,-47713.63484323397
194,0.0,192.99867248535156,-37248.487581108
195,0.0,113.7938461303711,-12949.039417142572
196,6.6683,153.11941528320312,-21447.929167694056
197,11.264,217.9876251220703,-42734.65718361026
198,27.2473,197.0998077392578,-28849.874385314637
199,32.994,215.5861358642578,-33339.88807947158
200,36.7836,92.8202133178711,-3140.102032136608
201,22.2537,100.2593002319336,-6084.873667544239
202,11.4434,156.63229370117188,-21079.81485417019
203,17.9032,119.54780578613281,-10331.625885418345
204,12.9601,222.91209411621094,-44079.839833373466
205,5.9675,216.71524047851562,-44414.61011679977
206,7.0538,235.83631896972656,-52341.4409861333
207,11.2481,208.7973175048828,-39025.6933367915
208,0.3061,203.21812438964844,-41173.289641905285
209,7.728,132.92724609375,-15674.851222443376
210,0.0,180.52264404296875,-32588.4250122644
211,0.0,228.19459533691406,-52072.77334097796
212,0.0,209.53248596191406,-43903.862673379714
213,0.0,228.7994842529297,-52349.20399440662
214,0.0,233.9105987548828,-54714.168209867785
215,4.4012,195.855224609375,-36654.64353912717
216,0.0,149.36448669433594,-22309.749885462457
217,0.0,158.5334014892578,-25132.83938775421
218,0.0,121.76543426513672,-14826.820981777331
219,0.0,128.99673461914062,-16640.157542400993
220,0.0,227.2906494140625,-51661.03931106627
221,0.0,215.17063903808594,-46298.40390405827
222,0.0,164.62460327148438,-27101.260002293624
223,0.0,173.56057739257812,-30123.2740248451
224,0.0,162.890625,-26533.355712890625
225,0.0,188.56861877441406,-35558.123986490304
226,0.0,175.779296875,-30898.361209869385
227,0.0,189.37937927246094,-35864.54929362261
228,0.0,164.16455078125,-26949.99973320961
229,0.0,151.6618194580078,-23001.307481313357
230,0.0,166.94808959960938,-27871.6646209592
231,0.5095,151.96336364746094,-22938.27281374369
232,0.0,50.11275863647461,-2511.2885781575606
233,0.0,150.05848693847656,-22517.54950226494
234,0.0,202.721435546875,-41095.980430185795
235,0.0,191.2178955078125,-36564.2835624367
236,0.0,31.552139282226562,-995.5374932850245
237,0.0,179.12696838378906,-32086.470802366966
238,0.0,106.70339965820312,-11385.615498618223
239,0.0,93.25565338134766,-8696.616887582059
240,0.0,80.2878189086914,-6446.133865114825
241,0.0,190.8665771484375,-36430.050272360444
242,0.0,175.11276245117188,-30664.47957328055
243,0.0,138.93458557128906,-19302.819067865843
244,0.0,122.2757568359375,-14951.360709801316
245,0.0,137.3280487060547,-18858.99296141253
246,0.0,125.91084289550781,-15853.54035865725
247,0.0,163.34307861328125,-26680.96133086458
248,0.0,27.845916748046875,-775.3950795391575
249,0.0,58.061073303222656,-3371.0882331221947
250,0.0,40.98329544067383,-1679.6305051775562
251,1.578,107.96775817871094,-11318.78064532459
252,0.0,217.96844482421875,-47510.24293908849
253,3.691,183.03421020507812,-32163.987046662838
254,0.0,203.80477905273438,-41536.387964733876
255,0.4582,218.6838836669922,-47622.44901192614
256,0.0,200.68954467773438,-40276.29334295634
257,0.0,235.62567138671875,-55519.45701644197
258,0.0,144.95887756347656,-21013.07618446299
259,0.0,164.19900512695312,-26961.31328468118
260,0.0,141.90293884277344,-20136.4440522159
261,0.0,80.31800842285156,-6450.9824770132545
262,0.0,7.985383033752441,-63.766342195741345
263,0.0,151.905029296875,-23075.137925684452
264,0.0,121.65109252929688,-14798.98831357155
265,0.0,174.4559783935547,-30434.88839725242
266,0.0,199.94821166992188,-39979.28734999988
267,0.0,135.7979278564453,-18441.077210104326
268,0.0,64.18365478515625,-4119.541541580111
269,0.0,163.62124633789062,-26771.912253164686
270,0.0,168.27186584472656,-28315.420834865654
271,0.0,22.817729949951172,-520.6488000688987
272,0.0,25.816755294799805,-666.5048539515738
273,0.0,56.79563903808594,-3225.7446137445513
274,0.0,47.931121826171875,-2297.39243951533
275,0.0,68.15605926513672,-4645.248414552829
276,0.0,143.2414093017578,-20518.10133875371
277,0.0,160.17935180664062,-25657.424745195545
278,0.0,64.13070678710938,-4112.7475530141965
279,0.0,47.66205978393555,-2271.671942847446
280,0.0,55.34730911254883,-3063.3246260000305
281,0.0,66.79647064208984,-4461.76849023957
282,0.0,94.31935119628906,-8896.140010088915
283,0.0,44.312137603759766,-1963.5655390145403
284,0.0,97.93907165527344,-9592.061756696785
285,0.0,41.74156951904297,-1742.358625913097
286,0.0,100.74119567871094,-10148.788506776327
287,0.0,37.90370559692383,-1436.6908979782747
288,0.0,143.90786743164062,-20709.474308722652
289,0.0,142.20681762695312,-20222.778979585506
290,0.0,172.4456787109375,-29737.512106075883
291,0.0,158.74102783203125,-25198.71391716972
292,0.0,31.43724250793457,-988.3002165026883
293,0.0,143.58746337890625,-20617.359639588743
294,0.0,134.4955291748047,-18089.04736801074
295,0.0,155.51052856445312,-24183.52449439559
296,0.0,142.46969604492188,-20297.614291132428
297,0.0,116.3945541381836,-13547.692233026552
298,0.0,46.73341369628906,-2184.011955708498
299,0.0,65.29863739013672,-4263.912045008561
300,0.0,100.48413848876953,-10097.062087830214
301,0.0,141.74916076660156,-20092.824578035856
302,0.0,150.35708618164062,-22607.253365033306
303,0.0,46.25053405761719,-2139.1119006148074
304,0.0,63.088741302490234,-3980.189279132537
305,0.0,50.43076705932617,-2543.2622661920177
306,0.0,78.12459564208984,-6103.452444240043
307,6.5307,55.06885528564453,-2355.952518533342
308,0.3417,30.225997924804688,-893.0712624584858
309,0.0,26.523422241210938,-703.491927385563
310,9.5482,38.62113571166992,-845.2355908948922
311,19.4605,43.06974792480469,-557.3965875748945
312,8.9193,35.22574234008789,-692.0289085923689
313,6.7314,28.77255630493164,-485.8125712584278
314,4.0232,106.20619201660156,-10441.363857464858
315,5.731,88.15319061279297,-6793.4175054115785
316,0.0,21.42824363708496,-459.1696253702721
317,5.5965,105.8194351196289,-10044.636723993344
318,24.6708,101.44325256347656,-5894.009472611259
319,28.9909,99.7456283569336,-5006.2315848634635
320,19.8953,47.32094955444336,-752.1662534831393
321,16.8383,16.707483291625977,-0.017113011189814363
322,18.3681,51.751155853271484,-1114.4284181026437
323,20.4764,88.69478607177734,-4653.748198238065
324,19.0308,75.77168273925781,-3219.5277740302054
325,24.1573,106.6662826538086,-6807.732218566489
326,30.9455,98.70465850830078,-4591.30356175303
327,27.1839,59.699432373046875,-1057.2598455026593
328,19.6573,92.66325378417969,-5329.869287937781
329,13.7748,47.47323989868164,-1135.5848516050587
330,12.5559,2.3459901809692383,-104.24225851274075
331,12.0839,9.93062973022461,-4.636572854698583
332,9.6899,1.4168219566345215,-68.44382031161597
333,18.1244,42.256595611572266,-582.3628650351876
334,17.6407,33.94160842895508,-265.71961560917873
335,17.5441,6.673220634460449,-118.17601818011359
336,13.4141,16.492366790771484,-9.475726435166576
337,22.777,22.928537368774414,-0.022963574135072454
338,39.7777,46.222171783447266,-41.531216567647945
339,39.9433,81.5159683227539,-1728.286751473706
340,40.6604,82.11302185058594,-1718.3198582876744
341,43.5426,63.73652648925781,-407.7946670535484
342,35.9281,79.83358001708984,-1927.6911755310755
343,44.8679,72.96748352050781,-789.5865940259943
344,38.8573,84.80126953125,-2110.848336288428
345,36.7829,83.47531127929688,-2180.18127107501
346,44.3449,61.21464920043945,-284.5884380857275
347,50.9704,25.912263870239258,-627.9101862976206
348,48.9257,56.46974563598633,-56.912624557844374
349,39.0391,86.35596466064453,-2238.8856813137513
350,43.8608,81.5151596069336,-1417.8507974082725
351,37.8684,82.97389221191406,-2034.50542767904
352,32.7249,82.8046646118164,-2507.982823574939
353,36.6697,28.743377685546875,-62.826585432597525
354,31.2326,30.322534561157227,-0.8282191029760925
355,20.553,13.976120948791504,-43.25533805422518
356,27.6679,30.158905029296875,-6.205106055982328
357,26.6153,82.15758514404297,-3084.945439022176
358,21.4358,83.9312515258789,-3905.68146142348
359,24.5295,49.676116943359375,-632.3523436960488
360,20.4512,41.44634246826172,-440.7960072626068
361,16.9577,7.833916664123535,-83.24342236001705
362,24.1975,19.527498245239258,-21.808916389468425
363,29.0137,28.61359977722168,-0.16008018826726159
364,23.7593,106.23734283447266,-6802.627549805107
365,22.2588,7.981784343719482,-203.83317604967905
1,21.1926,16.467329025268555,-22.32818578463945
2,17.2973,51.28449249267578,-1155.129253534197
3,19.2343,86.14165496826172,-4476.594148848975
4,24.1416,86.93798828125,-3943.386381169513
5,30.464,86.86258697509766,-3180.800612787655
6,32.7353,45.24207305908203,-156.41937235138005
7,39.332,39.72001266479492,-0.15055382804125583
8,46.495,96.42912292480469,-2493.4166322695055
9,31.7772,91.20514678955078,-3531.680859621679
10,31.7337,89.33303833007812,-3317.6837760628073
11,39.5621,22.50635528564453,-290.89842776126454
12,36.459,54.50571823120117,-325.68403891636865
13,33.1373,24.535480499267578,-73.99129872318063
14,31.5213,57.335792541503906,-666.3880251753608
15,28.6277,73.11209106445312,-1978.8610483751966
16,29.1782,3.8468282222747803,-641.6783961413338
17,23.8656,1.306638240814209,-508.9067556524069
18,29.4974,13.188087463378906,-265.99367541718595
19,30.8839,67.09603881835938,-1311.31899780013
20,32.8891,6.98331880569458,-671.1094992872283
21,39.6584,7.088192939758301,-1060.8183879470182
22,40.3575,16.252613067626953,-581.045574022489
23,38.9464,25.428274154663086,-182.7397263703658
24,36.3904,17.108266830444336,-371.80065956847875
25,35.3621,32.616859436035156,-7.5363457540380026
26,30.5761,0.0844312310218811,-929.7418643170756
27,34.2219,50.23421859741211,-256.3943468650298
