date,action,truth,reward
134,0.0,13.166746139526367,-173.3632039027325
135,0.0,118.01041412353516,-13926.457841608266
136,0.0,174.13485717773438,-30322.94848430995
137,0.0,174.8587188720703,-30575.57156558172
138,0.0,165.12806701660156,-27267.278516639257
139,0.0,148.26364135742188,-21982.10734856222
140,0.0,111.55013275146484,-12443.43211686943
141,0.0,159.99717712402344,-25599.09668765613
142,0.0,95.52307891845703,-9124.65860606177
143,0.0,194.7088623046875,-37911.54105998576
144,0.0,165.5483856201172,-27406.267981427023
145,0.0,51.9197883605957,-2695.664423409049
146,0.0,193.713623046875,-37524.96775394678
147,0.0,150.2818603515625,-22584.637550726533
148,0.0,81.00711822509766,-6562.153203134949
149,0.0,60.43674087524414,-3652.599647621406
150,0.0,211.06158447265625,-44546.99244010821
151,0.0,167.15084838867188,-27939.40611705277
152,0.0,208.8307342529297,-43610.27556861774
153,0.0,41.95718002319336,-1760.404955498656
154,0.0,207.55711364746094,-43079.955425665015
155,0.0,130.22340393066406,-16958.134931288892
156,0.0,182.47561645507812,-33297.35060066078
157,0.0,207.6298828125,-43110.16823673248
158,0.0,210.62716674804688,-44363.80337230954
159,0.0,167.01898193359375,-27895.340326134115
160,0.0,43.84252166748047,-1922.1667061634944
161,0.0,94.05386352539062,-8846.129244052805
162,0.0,90.2568588256836,-8146.300565079378
163,0.0,160.43154907226562,-25738.281937726773
164,0.0,138.06423950195312,-19061.734229252674
165,0.0,128.07376098632812,-16402.888253183104
166,0.0,110.84044647216797,-12285.604574149533
167,0.0,211.41033935546875,-44694.33158639446
168,0.0,119.28963470458984,-14230.016947954486
169,0.0,76.11311340332031,-5793.206031946698
170,0.0,153.77157592773438,-23645.697563298978
171,0.0,151.21200561523438,-22865.070642181672
172,0.0,172.3614044189453,-29708.45373327122
173,0.0,56.836387634277344,-3230.3749593138346
174,0.0,84.30571746826172,-7107.453997838369
175,0.0,189.284423828125,-35828.593103945255
176,0.0,44.279720306396484,-1960.6936304127012
177,0.0,192.98143005371094,-37241.83234557533
178,0.0,171.6184844970703,-29452.904221071163
179,0.0,228.52651977539062,-52224.370240652
180,0.0,234.51661682128906,-54998.04356530332
181,0.0,226.02517700195312,-51087.38063876424
182,0.0,219.55517578125,-48204.47521233559
183,0.0,223.03317260742188,-49743.79608333204
184,0.0,123.8450698852539,-15337.601334883424
185,0.0,232.02378845214844,-53835.03840768733
186,0.0,161.9982147216797,-26243.421573011437
187,0.0,182.90879821777344,-33455.62846547016
188,0.0,146.94772338867188,-21593.633409113623
189,0.0,182.9734649658203,-33479.28888159827
190,0.0,219.53836059570312,-48197.091773048975
191,0.0,171.07498168945312,-29266.649360046722
192,0.0,150.3504180908203,-22605.248220084468
193,0.8208,108.57838439941406,-11611.696995596843
194,0.8769,181.39517211914062,-32586.8465688801
195,0.0,165.3652801513672,-27345.675879540155
196,0.0,201.74078369140625,-40699.343804422766
197,0.0,147.0567169189453,-21625.677990978817
198,0.0,201.22283935546875,-40490.63107827678
199,0.0,207.8232879638672,-43190.519020112464
200,0.0,212.19427490234375,-45026.41030133143
201,0.0,222.1070556640625,-49331.54417575896
202,0.0,192.1844940185547,-36934.87974116788
203,0.0,177.6935272216797,-31574.98961648182
204,0.0,91.58320617675781,-8387.48365361453
205,0.0,116.06723022460938,-13471.601932012476
206,0.0,221.978271484375,-49274.35301119089
207,0.0,169.48158264160156,-28724.00685470202
208,0.0,178.32122802734375,-31798.460365179926
209,0.0,127.60455322265625,-16282.922003153712
210,0.0,155.01126098632812,-24028.491032571532
211,0.0,221.3794403076172,-49008.85659091384
212,0.0,211.82879638671875,-44871.43897864595
213,0.0,191.70159912109375,-36749.50310558453
214,0.0,200.57345581054688,-40229.7111757854
215,0.0,211.5572967529297,-44756.489809407154
216,0.0,148.28724670410156,-21989.10753508308
217,0.0,128.32192993164062,-16466.517701380886
218,0.0,167.8909454345703,-28187.369558913866
219,0.0,214.20350646972656,-45883.14218392619
220,0.0,180.2152862548828,-32477.549399929354
221,0.0,222.3002471923828,-49417.3999017945
222,0.0,225.7033233642578,-50941.99017767073
223,0.0,213.077392578125,-45401.9752278924
224,0.0,164.46322631835938,-27048.152811043896
225,0.0,175.5928192138672,-30832.838159473846
226,0.0,217.54373168945312,-47325.27519737277
227,0.0,220.38583374023438,-48569.91571337823
228,6.7612,193.91334533691406,-35025.9255042094
229,17.9976,165.83987426757812,-21857.338060609793
230,13.3894,187.23446655273438,-30222.107164724646
231,20.3042,205.46517944335938,-34284.58830842415
232,24.0722,177.13951110839844,-23429.601729955233
233,18.4999,213.86593627929688,-38167.888131483545
234,16.2682,210.49476623535156,-37723.9590315754
235,4.6349,173.59271240234375,-28546.74237178559
236,1.5739,204.4689483642578,-41166.40065073451
237,1.7326,209.30108642578125,-43084.67655708974
238,6.0896,126.95307159423828,-14607.978765811244
239,5.3709,200.85874938964844,-38215.49925898987
240,0.0,119.44989013671875,-14268.27625367418
241,2.8483,205.9437255859375,-41247.75189393308
242,6.0279,35.265419006347656,-854.8325176465405
243,19.1867,188.7423858642578,-28749.130608898875
244,22.6763,166.11256408691406,-20573.961855210953
245,14.7448,171.3660430908203,-24530.21378731383
246,6.6136,25.53423500061035,-357.99042882632153
247,3.7928,213.0142822265625,-43773.62862507981
248,5.7263,211.10275268554688,-42179.48731769867
249,11.6197,188.332275390625,-31227.334301187326
250,12.4982,112.30650329589844,-9961.697406806052
251,19.6566,73.58368682861328,-2908.1306938207963
252,26.1885,182.6421356201172,-24477.7400987524
253,26.428,169.55975341796875,-20486.698836502208
254,24.4308,183.86741638183594,-25420.034643288713
255,21.7505,185.31033325195312,-26751.819053406714
256,20.2582,182.92906188964844,-26461.80930792108
257,8.1973,128.4506072998047,-14460.85791654126
258,11.6506,183.38290405273438,-29491.98425526081
259,3.6192,39.19813537597656,-1265.8606424879165
260,0.0553,70.32173919677734,-4937.372477394407
261,2.5781,23.27225112915039,-428.2478909561164
262,0.0,168.48658752441406,-28387.73017562204
263,0.0,151.5211181640625,-22958.64924968779
264,10.1375,157.05963134765625,-21586.11267973796
265,8.0134,121.2713394165039,-12827.360840872469
266,4.3752,81.54735565185547,-5955.541607954207
267,8.0633,109.29226684570312,-10247.303728648463
268,6.1033,128.42115783691406,-14961.658345811518
269,0.0,11.6358003616333,-135.39185005578565
270,0.5933,147.8240966796875,-21676.90749093548
271,11.2946,77.31260681152344,-4358.377223366355
272,12.9557,99.3280029296875,-7460.174713377703
273,8.1037,168.05992126464844,-25585.992721265167
274,11.9367,168.92550659179688,-24645.485395116604
275,1.3835,153.69422912597656,-23198.558206886606
276,0.0,154.1604461669922,-23765.443162406096
277,2.621,156.3908233642578,-23645.158577475046
278,10.4104,152.19874572753906,-20103.934984152143
279,6.8173,139.6139373779297,-17634.946898885355
280,7.342,147.75833129882812,-19716.746095422255
281,13.4734,145.73880004882812,-17494.136050076544
282,17.4731,139.60552978515625,-14916.330405226121
283,10.9089,109.32673645019531,-9686.070531537393
284,6.8012,108.18282318115234,-10278.233518845167
285,2.5143,48.19717025756836,-2086.9246349698237
286,0.0,136.40101623535156,-18605.23723003664
287,3.3514,89.84992980957031,-7481.995659217124
288,5.4289,139.2022247314453,-17895.30240970472
289,7.07,94.31670379638672,-7611.9873233344415
290,8.6195,52.54816818237305,-1929.7278882770338
291,9.5759,62.08213806152344,-2756.905035373372
292,2.1249,64.60494995117188,-3903.756641900933
293,2.1278,56.8191032409668,-2991.1386501953853
294,0.0,120.50442504882812,-14521.316456348635
295,0.0,118.09388732910156,-13946.166224498535
296,0.0,89.70308685302734,-8046.643790961767
297,0.0,77.42963409423828,-5995.348235967627
298,0.0,63.47227096557617,-4028.729181527524
299,0.0,47.86540222167969,-2291.0967298431788
300,0.0,95.2608871459961,-9074.636619842204
301,0.0,92.66442108154297,-8586.694934377505
302,0.0,118.20288848876953,-13971.922847088485
303,0.0,52.47843551635742,-2753.986194244484
304,0.0,121.37908935546875,-14732.883332762867
305,0.0,116.59378814697266,-13594.111434461141
306,0.0,13.231683731079102,-175.07745435930337
307,0.0,76.94568634033203,-5920.638646384759
308,0.0,115.36225891113281,-13308.450781079242
309,0.0,19.73473358154297,-389.45970953447977
310,0.0,73.65558624267578,-5425.14538475225
311,0.0,89.917724609375,-8085.1971989274025
312,0.0,9.186697006225586,-84.39540188419414
313,0.0,60.33482360839844,-3640.2909398565535
314,0.0,75.21928405761719,-5657.940694140503
315,0.0,103.929931640625,-10801.430690824986
316,5.0546,78.34913635253906,-5372.089059133671
317,6.4984,72.25997161865234,-4324.584301755141
318,16.1019,83.05565643310547,-4482.805500503612
319,10.3831,102.92645263671875,-8564.27211724408
320,15.0881,105.1924057006836,-8118.785905802242
321,25.9142,104.3448486328125,-6151.366644963694
322,32.7888,88.77395629882812,-3134.337725804214
323,35.5706,12.194900512695312,-546.4233265207765
324,26.8357,34.484683990478516,-58.50695608659665
325,37.177,82.31282043457031,-2037.242286301775
326,32.7715,10.575966835021973,-492.64169247763965
327,38.3065,33.137149810791016,-26.72218137867496
328,31.3445,80.20708465576172,-2387.552179241481
329,17.4432,24.643217086791992,-51.84024605009663
330,14.1801,8.354066848754883,-33.9426622794071
331,6.7572,10.697216987609863,-15.5237338626543
332,10.7943,41.745750427246094,-957.9922835502724
333,15.9535,93.1756362915039,-5963.258333423604
334,18.5799,92.67330169677734,-5489.832175000009
335,14.3022,50.592185974121094,-1316.9630820019058
336,7.1605,92.77163696289062,-7329.266772078818
337,11.0637,11.196550369262695,-0.017649220613234297
338,5.8218,13.054317474365234,-52.309309016998476
339,14.8035,21.704084396362305,-47.61806501131892
340,13.6171,1.7458250522613525,-140.92716888480723
341,6.4636,57.53663635253906,-2608.4550422677767
342,10.5631,35.97570037841797,-645.8002579931691
343,15.3932,61.376548767089844,-2114.468363835823
344,18.6024,52.54963684082031,-1152.4148891267478
345,20.9962,48.678070068359375,-766.2859304815306
346,22.5348,20.92565155029297,-2.589358733194544
347,11.0308,24.770601272583008,-188.78213901007365
348,7.2924,4.905683517456055,-5.696415568046942
349,3.1134,13.944792747497559,-117.3190688505427
350,0.0,84.74446868896484,-7181.624973374943
351,0.0,59.07480239868164,-3489.832278443282
352,0.0,83.19053649902344,-6920.665362995351
353,0.0,50.85017013549805,-2585.7398028090975
354,0.0,13.700167655944824,-187.6945938009967
355,0.0,36.798885345458984,-1354.157962668236
356,0.0,19.277151107788086,-371.60855483249543
357,0.0,64.34525299072266,-4140.311582440103
358,0.0,83.93458557128906,-7045.014655024046
359,0.0,85.73098754882812,-7349.802226097323
360,0.0,63.37968444824219,-4016.9844007587526
361,0.0,18.848093032836914,-355.2506109744754
362,0.0,77.04595184326172,-5936.078695434204
363,0.0,84.07118225097656,-7067.963685076917
364,0.0,6.929441928863525,-48.017165445491855
365,0.0,76.25585174560547,-5814.954925447761
1,0.0,53.53578567504883,-2866.0803478447633
2,0.0,48.050235748291016,-2308.825155466344
3,0.0,83.79972076416016,-7022.393200151215
4,0.0,85.5980224609375,-7327.021449223161
5,0.0,87.29338073730469,-7620.134320548037
6,0.0,73.72867584228516,-5435.917641456763
7,0.0,81.90845489501953,-6708.994983289449
8,0.0,32.76981735229492,-1073.8609293027694
9,0.0,90.10040283203125,-8118.082590494305
10,0.0,89.36837005615234,-7986.705566493387
11,0.0,86.35735321044922,-7457.592453514284
12,0.0,15.676651000976562,-245.75738660641946
13,0.0,34.0797004699707,-1161.4259841229214
14,0.0,69.9884033203125,-4898.37659932673
15,0.0,88.74295043945312,-7875.311252699234
16,0.0,44.03382873535156,-1938.978073094273
17,0.0,18.19026756286621,-330.88583400866264
18,0.0,50.13348388671875,-2513.3662066198885
19,0.0,88.87371826171875,-7898.537797663361
20,0.0,3.7742669582366943,-14.245091072037269
21,0.0,12.67103385925293,-160.5550990623342
22,0.0,7.318775177001953,-53.56447009149997
23,0.0,33.16410827636719,-1099.8580777666066
24,0.0,56.15153503417969,-3152.994886694709
25,0.0,38.425785064697266,-1476.5409578383114
26,0.0,28.015344619750977,-784.85953416341
27,0.0,35.91636657714844,-1289.9853881041054
28,0.0,101.0145492553711,-10203.939161265793
29,0.0,95.92668151855469,-9201.928227162221
30,0.0,106.0421371459961,-11244.934850490245
31,0.0,79.81993865966797,-6371.222607633157
32,0.0,64.35120391845703,-4141.07744575484
33,0.0,94.76923370361328,-8981.207656770071
34,0.0,14.536432266235352,-211.30786303084824
35,0.0,12.11609172821045,-146.79967876640967
36,0.0,33.75667953491211,-1139.513413222754
37,0.0,22.283519744873047,-496.55525222014694
38,0.0,11.50363826751709,-132.3336933898836
39,0.0,57.200355529785156,-3271.8806727338233
40,0.0,55.93307113647461,-3128.508446757929
41,0.0,45.818031311035156,-2099.291993218998
42,0.0,128.60951232910156,-16540.406661529327
43,0.0,129.7407684326172,-16832.666993485996
44,0.0,2.111262321472168,-4.457428590068048
45,0.0,35.718997955322266,-1275.8468149323162
46,0.0,75.86666870117188,-5755.751419813372
47,0.0,133.98486328125,-17951.943588495255
48,0.0,116.57337188720703,-13589.35103315307
49,0.0,135.00433349609375,-18226.1700627245
50,0.0,134.79307556152344,-18169.173219334567
51,0.0,110.04931640625,-12110.852041482925
52,0.0,89.66104125976562,-8039.102319785394
53,0.0,84.75035858154297,-7182.623279700114
54,0.0,9.447929382324219,-89.2633696133853
55,0.0,30.91029167175293,-955.4461312328385
56,0.0,151.48028564453125,-22946.27693894878
57,0.0,147.1866455078125,-21663.90861584246
58,0.0,151.94784545898438,-23088.1477396274
59,0.0,41.3399543762207,-1708.9918278280093
60,0.0,43.60845184326172,-1901.6970721660764
61,0.0,94.31250762939453,-8894.849095344602
62,0.0,6.378431797027588,-40.684392189332584
63,0.0,34.714046478271484,-1205.0650228955928
64,0.0,71.62511444091797,-5130.157018674596
65,0.0,106.7366714477539,-11392.717031745764
66,0.0,155.1451416015625,-24070.01496256888
67,0.0,23.097837448120117,-533.51009477978
68,0.0,163.01119995117188,-26572.651309520938
69,0.0,167.4476318359375,-28038.70940746367
70,0.0,168.095947265625,-28256.24748712778
71,0.0,100.35490417480469,-10071.106791934231
72,0.0,79.23458862304688,-6278.120034263469
73,0.0,166.85964965820312,-27842.142684058286
74,0.0,97.93740844726562,-9591.735973366536
75,0.0,154.47207641601562,-23861.62239227537
76,0.0,134.90345764160156,-18198.942883659387
77,0.0,144.76705932617188,-20957.501465947367
78,0.0,125.45941162109375,-15740.063964311033
79,0.0,125.169677734375,-15667.448224127293
80,0.0,155.9563751220703,-24322.390941215912
81,0.0,101.0082778930664,-10202.672202922928
82,0.0,41.67485046386719,-1736.7931611856911
83,0.0,102.42334747314453,-10490.542107604502
84,0.0,62.999088287353516,-3968.885125037763
85,0.0,157.4292449951172,-24783.96717973263
86,0.0,112.38194274902344,-12629.701056044782
87,0.0,119.38775634765625,-14253.436365727335
88,0.0,189.85804748535156,-36046.07819495001
89,0.0,128.19171142578125,-16433.114878270775
90,0.0,74.79638671875,-5594.499466180801
91,0.0,123.6742935180664,-15295.330877192842
92,0.0,180.5600128173828,-32601.918228613446
93,0.0,182.10365295410156,-33161.74041922786
94,0.0,160.17723083496094,-25656.74527795636
95,0.0,180.4468994140625,-32561.08350814879
96,0.0,197.9976348876953,-39203.0634211211
97,0.0,203.04574584960938,-41227.57490762416
98,0.0,49.10515213012695,-2411.3159657229116
99,0.0,205.50547790527344,-42232.50144907483
100,0.0,206.39822387695312,-42600.22681956086
101,0.0,211.9757537841797,-44933.72019237117
102,0.0,207.12857055664062,-42902.24474083725
103,0.0,179.7452850341797,-32308.3674920185
104,0.0,32.682777404785156,-1068.1639388907352
105,0.0,70.61656188964844,-4986.698813114548
106,0.0,81.21437072753906,-6595.774012670154
107,0.0,143.11915588378906,-20483.092780888313
108,0.0,204.84608459472656,-41961.91837378987
109,0.0,119.67582702636719,-14322.303574444959
110,0.0,46.68379211425781,-2179.37644616724
111,0.0,101.37928009033203,-10277.758431633993
112,0.0,136.53811645507812,-18642.657245100476
113,0.0,198.36000061035156,-39346.68984213867
114,0.0,176.3152618408203,-31087.071557997027
115,0.0,184.09317016601562,-33890.295301773585
116,0.0,170.76377868652344,-29160.268111299956
117,0.0,214.5186767578125,-46018.262677922845
118,0.0,149.54356384277344,-22363.277486797655
119,0.0,48.58920669555664,-2360.9110073035263
120,0.0,45.80879592895508,-2098.4457844606513
121,0.0,79.46858978271484,-6315.25676205341
122,0.0,69.41907501220703,-4819.007975550427
123,0.0,94.75074005126953,-8977.702740263252
124,0.0,140.1045684814453,-19629.290109372
125,0.0,171.22341918945312,-29317.459278927185
126,0.0,184.27024841308594,-33955.5244502204
127,0.0,118.57359313964844,-14059.696990046883
128,0.0,177.26856994628906,-31424.145890802378
129,0.0,177.48342895507812,-31500.367553652264
130,0.0,195.7151641845703,-38304.425491793314
131,0.0,224.4862823486328,-50394.09096271009
132,0.0,208.4398956298828,-43447.19009019644
133,0.0,185.94679260253906,-34576.209679171676
134,0.0,220.93435668945312,-48811.9899657825
135,0.0,217.88687133789062,-47474.6887014145
136,0.0,210.331298828125,-44239.25526672602
137,0.0,226.11085510253906,-51126.118795201415
138,0.0,214.7951202392578,-46136.94367859722
139,0.0,214.3729248046875,-45955.7508893162
140,0.0,166.78778076171875,-27818.16381141916
141,0.0,192.809326171875,-37175.43625885248
142,0.0,230.17251586914062,-52979.38706152979
143,0.0,219.89035034179688,-48351.76617343817
144,0.0,216.08883666992188,-46694.38533336017
145,0.0,176.68307495117188,-31216.90897420142
146,0.0,110.09204864501953,-12120.259174857347
147,0.0,186.18869018554688,-34666.22835300956
148,0.0,224.17364501953125,-50253.82312134281
149,0.0,172.57212829589844,-29781.13946457603
150,0.0,239.9472198486328,-57574.66831308813
151,0.0,230.20449829101562,-52994.111033418216
152,0.0,42.5534553527832,-1810.7965624613134
153,0.0,208.83193969726562,-43610.77903772239
154,0.0,153.5546875,-23579.042053222656
155,0.0,192.69407653808594,-37131.00713286572
156,0.0,166.7871856689453,-27817.965303367237
157,0.0,196.7907257080078,-38726.58972468437
158,0.0,236.45411682128906,-55910.549361735815
159,0.0,221.21107482910156,-48934.33962704637
160,0.0,226.3468017578125,-51232.87466599047
161,0.0,232.74449157714844,-54169.99835950532
162,0.0,229.0642852783203,-52470.44679006771
163,0.0,175.15933227539062,-30680.7916831607
164,0.0,249.06471252441406,-62033.23102486902
165,0.0,179.0221405029297,-32048.926790250698
166,0.0,224.393310546875,-50352.35781818628
167,0.0,181.6336212158203,-32990.77235597209
168,0.0,177.0858154296875,-31359.386026397347
169,0.0,227.27635192871094,-51654.54014602327
170,0.0,232.39599609375,-54007.899000406265
171,0.0,226.44906616210938,-51279.17956569139
172,0.0,223.87217712402344,-50118.75169025012
173,0.0,232.81666564941406,-54203.59980411106
174,0.0,233.72186279296875,-54625.90914741531
175,0.0,108.36753845214844,-11743.52339017787
176,0.0,192.08670043945312,-36897.3004857162
177,0.0,247.09454345703125,-61055.713406238705
178,0.0,232.48922729492188,-54051.24080818985
179,0.0,227.13174438476562,-51588.82930726651
180,0.0,190.4694061279297,-36278.59467072622
181,0.0,119.60081481933594,-14304.354905449087
182,0.0,194.31622314453125,-37758.79457715526
183,0.0,215.20237731933594,-46312.063203893835
184,0.0,214.61366271972656,-46059.02422597655
185,0.0,214.656494140625,-46077.410476744175
186,0.0,213.090087890625,-45407.38555723429
187,0.0,202.04042053222656,-40820.33152883896
188,0.0,209.9062042236328,-44060.614571573446
189,0.0,211.263671875,-44632.339054107666
190,0.0,213.24864196777344,-45474.98330109962
191,0.0,180.78919982910156,-32684.734774846816
192,0.0,218.90086364746094,-47917.588105604285
193,0.0,233.05392456054688,-54314.131753073074
194,0.0,200.8448486328125,-40338.653222337365
195,0.0,131.77220153808594,-17363.913098193938
196,0.0,174.78781127929688,-30550.7789718071
197,0.0,209.9647674560547,-44085.20357287512
198,0.0,206.40423583984375,-42602.70857262984
199,0.0,203.5443115234375,-41430.28675355017
200,0.0,191.55426025390625,-36693.03462142125
201,0.0,208.27955627441406,-43380.373561866814
202,0.0,161.4591522216797,-26069.057836143533
203,0.0,116.11302185058594,-13482.233843274647
204,0.0,160.65240478515625,-25809.195163253695
205,0.0,203.936279296875,-41590.00601345301
206,0.0,188.89439392089844,-35681.09205474355
207,0.0,204.38619995117188,-41773.71873048041
208,0.0,195.33544921875,-38155.93772149086
209,0.0,215.844970703125,-46589.05137783289
210,0.0,102.80342864990234,-10568.544942175562
211,0.0,180.3312225341797,-32519.349820671836
212,0.0,175.8372344970703,-30918.733035577694
213,0.0,219.41847229003906,-48144.46598209464
214,0.0,212.28887939453125,-45066.568314585835
215,0.0,193.45155334472656,-37423.50349148759
216,0.0,207.0451202392578,-42867.681814888725
217,0.0,88.75651550292969,-7877.719044221798
218,0.0,227.25775146484375,-51646.08560085669
219,0.0,222.1948699951172,-49370.56025214703
220,0.0,204.26612854003906,-41724.65126873576
221,0.0,126.53655242919922,-16011.499100667483
222,0.0,133.0343017578125,-17698.125444188714
223,0.0,198.76939392089844,-39509.2719596813
224,0.0,203.50738525390625,-41415.25585288182
225,0.0,38.326961517333984,-1468.9559791512002
226,0.0,122.97708892822266,-15123.364401259983
227,0.0,200.1206512451172,-40048.27505476982
228,0.0,205.3526611328125,-42169.71543432772
229,0.0,135.2918243408203,-18303.87773346738
230,0.0,217.0569305419922,-47113.71109631122
231,0.0,165.52694702148438,-27399.170190253295
232,0.0,159.451416015625,-25424.754069387913
233,0.0,206.93568420410156,-42822.37739701965
234,0.0,206.18441772460938,-42512.01411243621
235,0.0,184.05088806152344,-33874.72939623543
236,0.0,189.48883056640625,-35906.016909424216
237,0.0,196.0839385986328,-38448.9109763524
238,0.0,119.03642272949219,-14169.669936234364
239,0.0,5.143869876861572,-26.459397310083887
240,0.0,185.4025115966797,-34374.091306356946
241,0.0,178.21295166015625,-31759.85613942519
242,0.0,176.77191162109375,-31248.30873817578
243,0.0,189.0203399658203,-35728.68892079429
244,9.0376,129.145751953125,-14425.968165594966
245,10.9038,67.16449737548828,-3165.2660691762735
246,6.0468,121.11768341064453,-13241.308208906146
247,4.5361,143.37229919433594,-19275.490206729326
248,4.9222,169.9967498779297,-27249.607017401097
249,0.672,176.0121307373047,-30744.1614469751
250,3.715,185.7672576904297,-33143.024530182614
251,0.0,72.67425537109375,-5281.547393742949
252,0.0,194.6503143310547,-37888.744869178394
253,0.0,190.428466796875,-36263.000966608524
254,0.0,192.50523376464844,-37058.26502678194
255,0.0,179.4210968017578,-32191.929977545748
256,0.0,162.3985137939453,-26373.277282482246
257,0.0,24.121753692626953,-581.859001207762
258,0.0,175.4182586669922,-30771.56547375978
259,0.0,179.942138671875,-32379.173269808292
260,0.0,149.61402893066406,-22384.357652865583
261,0.0,72.59571838378906,-5270.138327658409
262,0.0,151.87542724609375,-23066.145401183516
263,0.0,175.445556640625,-30781.143344938755
264,0.0,158.31007385253906,-25062.079483196372
265,0.0,110.71940612792969,-12258.786893321434
266,0.0,181.775146484375,-33042.20387941599
267,0.0,175.431884765625,-30776.34619241953
268,0.0,163.55685424804688,-26750.84457151685
269,0.0,155.47357177734375,-24172.03152120486
270,0.0,139.98941040039062,-19597.035024248995
271,0.0,152.32421875,-23202.66761779785
272,0.0,152.30250549316406,-23196.05317949527
273,0.0,150.85733032226562,-22757.934111961164
274,0.0,139.0358123779297,-19330.957123590866
275,0.0,82.5638198852539,-6816.784354044648
276,0.0,145.47518920898438,-21163.030675389804
277,0.0,142.98580932617188,-20444.94166866038
278,0.0,48.19173049926758,-2322.442888514037
279,0.0,43.42485809326172,-1885.7183004199178
280,0.0,79.04609680175781,-6248.285419592867
281,0.0,152.06019592285156,-23122.303184096003
282,0.0,147.8760986328125,-21867.34054686129
283,0.0,68.41351318359375,-4680.408786121756
284,0.0,147.56593322753906,-21775.704649314517
285,0.0,135.08016967773438,-18246.65224016551
286,0.0,148.5186309814453,-22057.783748602727
287,0.0,20.290082931518555,-411.6874653679006
288,0.0,27.418254852294922,-751.760699145394
289,0.0,139.94342041015625,-19584.160916093737
290,0.0,122.97805786132812,-15123.602715344168
291,0.0,27.842838287353516,-775.2236438957189
292,0.0,25.059446334838867,-627.9758506086691
293,0.0,62.96299743652344,-3964.339046191657
294,0.0,106.75550842285156,-11396.73857862153
295,0.0,131.01788330078125,-17165.685744617134
296,0.0,42.37762451171875,-1795.8630592562258
297,0.0,55.09505844116211,-3035.465464635068
298,0.0,110.80345153808594,-12277.404872752959
299,0.0,15.853669166564941,-251.33882604289192
300,0.0,114.32787322998047,-13070.862597290485
301,0.0,110.33366394042969,-12173.517398519674
302,0.0,124.7049560546875,-15551.32606460154
303,0.0,116.8544692993164,-13654.96699522488
304,0.0,122.5132064819336,-15009.485762484896
305,0.0,123.36589813232422,-15219.144821994996
306,0.0,103.11261749267578,-10632.211886190868
307,0.0,72.99995422363281,-5328.993316652486
308,0.0,82.97261047363281,-6884.4540888092015
309,0.0,61.522254943847656,-3784.9878533757874
310,0.0,57.65699768066406,-3324.329381548101
311,0.0,12.158461570739746,-147.8281877671552
312,0.0,42.113922119140625,-1773.582436257042
313,0.0,110.04794311523438,-12110.54978389386
314,0.0,68.39580535888672,-4677.986190690717
315,0.0,66.40473937988281,-4409.589412110159
316,0.0,3.5776002407073975,-12.799223482309628
317,0.0,91.73313903808594,-8414.968797780806
318,0.0,105.03889465332031,-11033.169389991323
319,0.0,99.86935424804688,-9973.887917921878
320,0.0,87.20182800292969,-7604.158807052532
321,0.0,97.52915954589844,-9511.936961729312
322,0.0,89.80638885498047,-8065.18747917196
323,0.0,73.33106231689453,-5377.444700524269
324,0.0,50.707340240478516,-2571.2343542636518
325,0.0,28.489439010620117,-811.6481351398434
326,0.0,80.2352294921875,-6437.692051663995
327,0.0,38.138282775878906,-1454.5286130929017
328,0.0,94.26110076904297,-8885.155118191673
329,0.0,39.24167251586914,-1539.9088618427195
330,0.0,49.41291427612305,-2441.636097259485
331,0.0,41.202449798583984,-1697.6418694048334
332,0.0,68.91191101074219,-4748.85147915245
333,0.0,87.82587432861328,-7713.384201585373
334,0.0,66.33468627929688,-4400.290603772737
335,0.0,75.90548706054688,-5761.642965898849
336,0.0,7.81593656539917,-61.08886439434377
337,0.0,65.34896850585938,-4270.4876847798005
338,0.0,26.957103729248047,-726.685441469439
339,0.0,86.2159652709961,-7433.1926676096045
340,0.0,67.91401672363281,-4612.313667537877
341,0.0,23.971830368041992,-574.6486511941803
342,0.0,17.93059539794922,-321.5062513249577
343,0.0,69.00640869140625,-4761.884440485388
344,0.0,8.693315505981445,-75.57373448653743
345,0.0,44.94955825805664,-2020.462787594428
346,0.0,79.46308898925781,-6314.382511714706
347,0.0,83.88613891601562,-7036.884302237071
348,0.0,80.2929916381836,-6446.9645062094205
349,0.0,63.70966339111328,-4058.92120940896
350,0.0,5.608792304992676,-31.458551120545053
351,0.0,12.58326530456543,-158.33856572508012
352,0.0,22.122102737426758,-489.38742952526445
353,0.0,18.171600341796875,-330.2070589819923
354,0.0,10.84008502960205,-117.5074434490025
355,0.0,0.8407163619995117,-0.706804001333694
356,0.0,26.26706314086914,-689.9586060464062
357,0.0,49.6320915222168,-2463.3445088697044
358,0.0,60.30183792114258,-3636.311656667749
359,0.0,14.99885082244873,-224.96552599407096
360,0.0,66.88924407958984,-4474.170973538945
361,0.0,20.94427490234375,-438.6626511849463
362,0.0,53.18672561645508,-2828.827781800079
363,0.0,7.641119003295898,-58.386699622529704
364,0.0,26.870351791381836,-722.015805392617
365,0.0,58.35093688964844,-3404.831835899735
366,0.0,19.732973098754883,-389.3902273161839
1,0.0,79.88574981689453,-6381.733023807465
2,0.0,77.96298217773438,-6078.226590045728
3,0.0,61.34310531616211,-3762.976569829756
4,0.0,85.03192138671875,-7230.427654717118
5,0.0,41.84675979614258,-1751.1513054360548
6,0.0,86.58087921142578,-7496.248645023501
7,0.0,76.14801025390625,-5798.519465629011
8,0.0,64.8667984008789,-4207.701534780266
9,0.0,76.6861572265625,-5880.766710177064
10,0.0,24.90925407409668,-620.470938527902
11,0.0,15.33033275604248,-235.01910241098903
12,0.0,45.423011779785156,-2063.249999146501
13,0.0,59.9058723449707,-3588.7135414119257
14,0.0,89.11463165283203,-7941.417574619933
15,0.0,81.77884674072266,-6687.779774242605
16,0.0,53.67816925048828,-2881.3458540840656
17,0.0,82.01886749267578,-6727.094624781108
18,0.0,90.32061004638672,-8157.8125991514535
19,0.0,73.12345123291016,-5347.03912021179
20,0.0,33.03580093383789,-1091.3641433401644
21,0.0,94.74058532714844,-8975.778508130694
22,0.0,77.8401870727539,-6059.094723521324
23,0.0,74.49610137939453,-5549.669120729028
24,0.0,54.83723068237305,-3007.121868911796
25,0.0,97.88652038574219,-9581.77087322832
26,0.0,96.84278869628906,-9378.525722474093
27,0.0,3.7477335929870605,-14.045507084003702
28,0.0,24.70293426513672,-610.2349613076658
29,0.0,7.169200420379639,-51.39743466757159
30,0.0,0.26940834522247314,-0.07258085647551127
31,0.0,4.398383617401123,-19.34577844582259
32,0.0,8.499950408935547,-72.24915695436357
33,0.0,3.7836835384368896,-14.316261119038302
34,0.0,17.99167251586914,-323.700279918281
35,0.0,60.31237030029297,-3637.5820112396614
36,0.0,90.16038513183594,-8128.895047120983
37,0.0,99.57589721679688,-9915.359306530096
38,0.0,10.611172676086426,-112.59698556172316
39,0.0,21.066701889038086,-443.80592848160086
40,0.0,39.66144943237305,-1573.0305710766843
41,0.0,18.17861557006836,-330.4620640443318
42,0.0,32.495784759521484,-1055.9760271371488
43,0.0,95.33045196533203,-9087.895071914478
44,0.0,123.78783416748047,-15323.427887875645
45,0.0,44.31592559814453,-1963.9012616202817
46,0.0,114.2203598022461,-13046.290593354555
47,0.0,106.62959289550781,-11369.87008106173
48,0.0,120.06465148925781,-14415.520537236938
49,0.0,44.20048904418945,-1953.6832317455119
50,0.0,136.94638061523438,-18754.31116361264
51,8.5706,126.98999786376953,-14023.153790417744
52,1.3353,29.133323669433594,-772.7301199263903
53,5.1025,0.6087125539779663,-20.19412561002523
54,0.0,18.730512619018555,-350.8321029712133
55,4.4434,84.56299591064453,-6419.149648884968
56,9.4277,103.32144927978516,-8816.036153815156
57,9.395,25.09286117553711,-246.42284548643534
58,0.6424,0.633109450340271,-8.631431297989017e-05
59,0.0,17.27273178100586,-298.34726317856985
60,0.0,85.94660186767578,-7386.81837260077
61,0.0,158.60919189453125,-25156.875753436238
62,0.0,148.5674591064453,-22072.2899053453
63,0.0,92.3693618774414,-8532.099013645726
64,7.783,0.18102100491523743,-57.79008464170994
65,2.953,7.505444049835205,-20.72474682687997
66,0.798,41.09757614135742,-1624.0558371730642
67,0.0,142.50050354003906,-20306.393509164685
68,0.0,10.627603530883789,-112.94595680965358
69,0.0,14.441495895385742,-208.55680369644324
70,0.0,19.842620849609375,-393.7296021813527
71,0.0,55.57646942138672,-3088.743953346333
72,3.253,172.54928588867188,-28661.232415698923
73,0.0,150.3932647705078,-22618.134088332066
74,0.0,72.31008911132812,-5228.748987288214
75,2.656,55.086326599121094,-2748.939147290505
76,0.0,138.98394775390625,-19316.537733260542
77,0.0,4.782747745513916,-22.874675997218446
78,0.0,159.07736206054688,-25305.60712014232
79,0.0,169.40235900878906,-28697.159237742657
80,0.0,181.65614318847656,-32998.9543581123
81,0.0,175.5962371826172,-30834.03851269395
82,3.6787,122.50733947753906,-14120.245560082953
83,0.8605,1.1315219402313232,-0.07345289208675093
84,0.0,12.708050727844238,-161.49455330146247
85,3.8358,116.03214263916016,-12588.019301603827
86,17.1701,167.18360900878906,-22504.05288513004
87,8.1024,172.908203125,-27160.952743676262
88,8.8744,175.69979858398438,-27830.713612705254
89,10.3715,42.98375701904297,-1063.5593078761176
90,19.8529,183.37640380859375,-26739.936297839173
91,14.3099,187.8445281982422,-30114.267183902153
92,11.2104,190.8657989501953,-32276.06237195384
93,15.6662,167.42007446289062,-23029.238414498766
94,22.4863,182.6764678955078,-25660.889890390983
95,17.5722,152.0685272216797,-18089.262036121134
96,10.735,73.36292266845703,-3922.256697766234
97,7.9275,169.30006408691406,-26041.10443998518
98,21.7006,181.6969451904297,-25598.83047429513
99,12.6607,84.3205795288086,-5135.13833408336
100,15.1159,30.39948272705078,-233.587900974605
101,5.0498,41.715293884277344,-1344.3584417779796
102,1.2157,57.33773422241211,-3149.6827252615963
103,0.0,166.64434814453125,-27770.338768515736
104,0.0,143.58993530273438,-20618.069520243444
105,0.0,68.94689178466797,-4753.673886766715
106,0.0,106.60164642333984,-11363.911020166765
107,0.0,5.318811416625977,-28.289754885630828
108,0.0,36.98625564575195,-1367.9831066929182
109,0.5707,48.40862274169922,-2288.4668522407833
110,6.176,214.77854919433594,-43515.02353037535
111,0.0,184.8618621826172,-34173.90808962495
112,0.5954,138.9517059326172,-19142.46739131996
113,1.1489,39.36028289794922,-1460.1097829736862
114,14.9709,220.8480987548828,-42385.42096715752
115,21.3077,223.55580139160156,-40904.29451650754
116,23.815,189.48696899414062,-27447.201310395492
117,38.2087,147.06072998046875,-11848.764430868869
118,46.3494,207.65599060058594,-26019.816171185037
119,46.5631,172.67274475097656,-15903.642499217513
120,51.8881,206.91717529296875,-24034.01418619297
121,47.8437,204.339599609375,-24490.966594547575
122,52.2151,36.494136810302734,-247.1486836118164
123,50.9652,35.301082611083984,-245.36457357374118
124,43.4798,62.86487579345703,-375.78116351807387
125,41.5944,182.97413635253906,-19988.229851113454
126,35.7488,199.13400268554688,-26694.72445659723
127,32.5613,187.10887145996094,-23884.951844171726
128,36.5004,138.8788604736328,-10481.349168951196
129,35.9644,74.79180145263672,-1507.5671035642163
130,28.4203,76.42119598388672,-2304.0860152559126
131,26.8562,213.1875,-34719.35335969
132,23.674,238.3416290283203,-46082.19095264054
133,26.9005,175.2528533935547,-22008.42075740614
134,27.1195,219.7835693359375,-37119.443613082934
135,36.4264,174.1575164794922,-18969.860446687446
136,30.4117,190.31219482421875,-25568.168245030007
137,36.1513,180.35704040527344,-20795.295565833116
138,34.6894,152.7171173095703,-13930.542053307841
139,32.2655,119.86063385009766,-7672.907474216524
140,26.7337,220.78179931640625,-37654.66484830986
141,32.5318,171.86109924316406,-19412.653627591157
142,30.5972,101.47476196289062,-5023.6287898034
143,28.5111,171.55979919433594,-20462.930341191608
144,28.0308,240.82806396484375,-45282.67555092339
145,25.7164,18.0748291015625,-58.3936057958469
146,18.1711,43.90123748779297,-662.0399751407291
147,11.0639,76.97676086425781,-4344.505227311009
148,13.7147,81.64558410644531,-4614.605015483306
149,21.641,175.88641357421875,-23791.64760868179
150,25.9585,103.32221221923828,-5985.143968341118
151,27.6421,151.1167449951172,-15245.987956670218
152,26.8203,169.77810668945312,-20436.934493459048
153,25.0783,163.26951599121094,-19096.81217712951
154,26.8785,230.2841339111328,-41373.85190678978
155,31.3378,85.49500274658203,-2933.002609334392
156,38.371,48.566925048828125,-103.95688760132076
157,46.8165,105.27616119384766,-3417.531986899458
158,40.236,140.42288208007812,-10037.411340927481
159,48.5413,178.4620361328125,-16879.39767729189
160,55.1106,74.76693725585938,-386.37159431608535
161,36.3063,165.59097290039062,-16714.526646961
162,36.3779,208.4226837158203,-29599.407603823387
163,45.9614,158.57737731933594,-12682.358347589186
164,51.0676,225.3281707763672,-30366.746527305277
165,45.5111,127.07527923583984,-6652.715334416208
166,53.7222,126.67058563232422,-5321.466966362286
167,41.2091,208.9839324951172,-28148.394418764627
168,54.5903,225.26187133789062,-29128.785262944682
169,43.1172,230.05824279785156,-34946.95348234817
170,42.2055,226.31790161132812,-33897.37642709098
171,35.1492,215.47622680664062,-32517.836596922883
172,20.0731,134.87940979003906,-13180.488767606419
173,22.8044,176.3302459716797,-23570.18538131992
174,19.6473,150.99806213378906,-17253.022713127233
175,11.5177,19.17390251159668,-58.617436898579314
176,14.2223,136.02035522460938,-14834.766256496994
177,5.2837,148.4839324951172,-20506.306586655614
178,6.9174,175.83755493164062,-28534.018742129476
179,14.664,223.0549774169922,-43426.79946880935
180,28.4513,124.17574310302734,-9163.169007384718
181,26.8921,195.53306579589844,-28439.775344573387
182,33.5459,227.02932739257812,-37435.83667557904
183,41.766,208.1459197998047,-27682.277712589443
184,35.5104,208.2296142578125,-29831.92697383614
185,30.684,220.4656982421875,-36017.09298768872
186,25.6867,218.8225555419922,-37301.458695937275
187,29.3247,221.76174926757812,-37032.01793081229
188,28.4533,190.0265350341797,-26105.910279410266
189,33.8735,174.66055297851562,-19820.994286375364
190,43.6991,125.71060180664062,-6725.8864285806185
191,34.9572,228.8880157470703,-37609.161296324135
192,36.1483,226.399658203125,-36195.57929813377
193,35.929,231.775634765625,-38355.904349020115
194,32.639,86.87433624267578,-2941.471697356101
195,35.9282,222.79049682617188,-34917.51797515236
196,41.6647,186.6699981689453,-21026.53649706473
197,42.5355,202.55067443847656,-25604.85605057608
198,40.5554,204.4202117919922,-26851.676543625024
199,43.2092,204.21142578125,-25921.7167065166
200,31.8721,195.34600830078125,-26723.71869513224
201,33.7907,209.46705627441406,-30862.182153854857
202,30.9121,117.66726684570312,-7526.458974425787
203,26.752,195.8599853515625,-28597.510709664275
204,20.403,146.87132263183594,-15994.236629310148
205,27.5799,155.10403442382812,-16262.404860546587
206,29.6051,193.47349548339844,-26852.85103830348
207,33.6354,169.75564575195312,-18528.72130357211
208,36.887,186.30868530273438,-22326.840038709386
209,35.7303,222.4026641845703,-34846.57155025685
210,33.7418,193.22950744628906,-25436.328826473084
211,36.9654,33.977630615234375,-8.926765896542776
212,38.8043,154.36373901367188,-13353.98394515455
213,45.0815,214.71737670898438,-28776.330666825746
214,58.6705,170.56747436523438,-12520.932872093917
215,57.9364,199.1043243408203,-19928.38286269557
216,58.4492,213.82029724121094,-24140.17785793783
217,68.1343,74.17369842529297,-36.47433333943124
218,64.0741,138.0330047607422,-5469.919593408533
219,63.923,202.22622680664062,-19127.782545129077
220,60.224,165.93057250976562,-11173.87947176234
221,61.9954,130.799072265625,-4733.945317235536
222,66.9376,202.25926208496094,-18311.952229436352
223,60.8256,180.3336944580078,-14282.184640984116
224,62.533,159.66307067871094,-9434.250630051381
225,60.1135,185.96864318847656,-15839.517066991937
226,58.5102,171.87188720703125,-12850.872126424792
227,60.4065,162.325439453125,-10387.47021924976
228,66.451,168.78729248046875,-10472.716758648046
229,66.792,188.85414123535156,-14899.166322958912
230,64.8728,191.06378173828125,-15924.163872071233
231,69.6357,147.9146728515625,-6127.597590695659
232,63.6493,177.36184692382812,-12930.543327903813
233,69.0093,164.28297424316406,-9077.073003792544
234,66.5819,64.95551300048828,-2.6451346721807463
235,66.442,188.2012939453125,-14825.325662061015
236,65.7039,171.69749450683594,-11234.64207647956
237,70.3026,191.16481018066406,-14607.673849755016
238,69.4711,182.7008514404297,-12820.976611261487
239,59.5936,192.8562469482422,-17758.93307165184
240,56.9783,165.90328979492188,-11864.653401823836
241,55.7852,178.6171112060547,-15087.678410532102
242,51.7197,180.73135375976562,-16644.00680582965
243,57.3134,159.12876892089844,-10366.36934849865
244,50.1724,173.11550903320312,-15115.008058750069
245,48.9467,197.2901611328125,-22005.782460862254
246,44.2252,188.85137939453125,-20916.731766259134
247,38.1313,176.47274780273438,-19138.356180156676
248,47.3043,150.892333984375,-10730.48078474803
249,52.3198,176.35533142089844,-15384.813054864684
250,50.9646,143.12677001953125,-8493.865582708986
251,56.9127,122.00772094726562,-4237.361752124951
252,50.9648,165.4251708984375,-13101.17650620788
253,48.0901,170.87254333496094,-15075.528391302892
254,51.8269,93.62995147705078,-1747.4951127929573
255,50.9713,188.10743713378906,-18806.320107977404
256,53.2732,188.51902770996094,-18291.433912952438
257,43.2039,185.3280029296875,-20199.260633568407
258,57.211,31.072084426879883,-683.2429073387013
259,63.8479,115.14932250976562,-2631.835951525487
260,71.6626,56.374202728271484,-233.73509113819586
261,72.1668,130.65977478027344,-3421.428098645705
262,70.461,156.86703491210938,-7466.002869232664
263,55.9624,109.87045288085938,-2906.0781654055304
264,64.6823,179.98936462402344,-13295.719152208718
265,59.8428,172.9572296142578,-12794.874186958885
266,54.8724,173.5832061767578,-14092.25550313576
267,64.2934,127.37808990478516,-3979.6781003829014
268,54.6476,163.57167053222656,-11864.453141309468
269,66.8559,159.01597595214844,-8493.479599505768
270,65.4723,156.99029541015625,-8375.54348389338
271,73.7861,27.0483341217041,-2184.418759294401
272,60.1054,164.4907684326172,-10896.305142813233
273,68.4531,158.78012084960938,-8158.970695565766
274,70.6487,157.61502075195312,-7563.140945131592
275,70.1816,144.03622436523438,-5454.5055401298705
276,70.0406,87.5235366821289,-305.65307503132857
277,79.9417,67.588623046875,-152.59851020982796
278,77.2123,68.5840072631836,-74.44743555219874
279,79.4168,43.689300537109375,-1276.4542178708496
280,73.9866,150.74351501464844,-5891.624002565964
281,67.8895,150.7326202392578,-6862.982570976128
282,58.9249,148.14732360839844,-7960.640874556493
283,60.2789,142.29660034179688,-6726.903169356789
284,56.2651,139.9569549560547,-7004.326585985297
285,53.95,142.58432006835938,-7856.042693980373
286,49.6911,142.8627166748047,-8680.950153796743
287,47.4356,141.8402862548828,-8912.24478688286
288,52.2508,90.79427337646484,-1485.5993399222543
289,52.233,22.258159637451172,-898.4910547602861
290,51.2604,119.6738052368164,-4680.394016096858
291,55.1717,46.405818939208984,-76.84067077193464
292,53.8593,75.28495025634766,-459.0584889073305
293,56.0327,58.271018981933594,-5.010071864884247
294,57.7429,127.13690948486328,-4815.528552385296
295,65.556,18.378292083740234,-2225.736124231919
296,63.5359,82.26046752929688,-350.60942915919895
297,69.1897,47.170902252197266,-484.82745425864283
298,62.7896,129.5654296875,-4459.011430454006
299,77.4898,108.97392272949219,-991.2499840457265
300,80.985,126.03307342529297,-2029.3289193305866
301,88.3346,110.92929077148438,-510.52005105900145
302,81.0187,62.75233459472656,-333.6601051189701
303,77.1375,3.9145750999450684,-5361.596730919085
304,84.4695,14.698834419250488,-4867.945775580784
305,84.9399,36.88783645629883,-2309.0008108078946
306,76.3368,104.12032318115234,-771.9241603576298
307,77.3596,108.08650207519531,-944.142511138642
308,76.6304,31.370235443115234,-2048.4824957162873
309,81.9352,8.527325630187988,-5388.7160194941025
310,77.4286,64.99470520019531,-154.6017398926101
311,75.0745,80.83283996582031,-33.15847916196347
312,67.161,45.01353454589844,-490.5102260406222
313,64.7172,109.0135726928711,-1962.1686337457354
314,76.0595,95.8707046508789,-392.483829719006
315,65.9851,8.177850723266602,-3341.6780689423945
316,69.4279,100.62870788574219,-973.4904127229922
317,72.7072,105.6778564453125,-1087.0641864348268
318,60.8356,80.24522399902344,-376.7335037834666
319,63.9247,95.76644897460938,-1013.8969777620371
320,64.7808,10.152466773986816,-2984.254791052336
321,56.9307,29.03460121154785,-778.1923276150815
322,69.8766,90.19577026367188,-412.8686802040875
323,87.722,89.68609619140625,-3.8576738490965594
324,91.0384,9.156633377075195,-6704.623705291122
325,87.3191,18.881683349609375,-4683.679997779165
326,85.7054,61.82081985473633,-570.4731687155235
327,84.5707,95.97361755371094,-130.02652873672898
328,83.1665,95.81950378417969,-160.09850476246552
329,86.1902,30.58568572998047,-3091.862007204806
330,82.5893,66.02937316894531,-274.23117664988473
331,84.5678,91.83049011230469,-52.74666766736819
332,94.059,88.933837890625,-26.267286647373172
333,89.0471,72.21805572509766,-283.21673120662336
334,85.9297,84.66053009033203,-1.610792259606592
335,86.9714,75.35045623779297,-135.0463339243786
336,77.6737,27.18610191345215,-2548.99756054879
337,67.8801,11.9931001663208,-3123.3567504096586
338,63.8474,6.117083549499512,-3332.789437474927
339,66.1199,61.526702880859375,-21.09745977528175
340,66.0044,72.352783203125,-40.30196929371959
341,74.6401,76.13685607910156,-2.240278760327471
342,64.8685,9.095849990844727,-3110.5884890437273
343,64.3099,5.37540864944458,-3473.2742707486914
344,66.8027,17.77243995666504,-2403.966399917049
345,72.334,14.505367279052734,-3344.150762374213
346,75.0792,9.984325408935547,-4237.3426980264085
347,66.6608,27.542701721191406,-1530.2256129505274
348,69.44,17.50578498840332,-2697.1626888707538
349,61.5753,18.420734405517578,-1862.3165316484858
350,58.8384,2.0906834602355957,-3220.3033324774506
351,52.389,56.804386138916016,-19.495634755731654
352,62.1331,69.04878997802734,-47.82676787218786
353,53.6359,27.686084747314453,-673.3929116485115
354,55.2039,3.900475263595581,-2632.0413896839127
355,61.3703,10.757433891296387,-2561.6622157375587
356,63.0146,2.0955653190612793,-3711.1287864574147
357,63.2085,0.11597500741481781,-3980.666709939986
358,73.6392,0.2990416884422302,-5378.7788211643565
359,73.8839,0.0,-5458.830679209999
360,71.4345,0.11277500540018082,-5086.788456205324
361,73.3489,2.1581501960754395,-5068.122857644985
362,85.1104,30.649518966674805,-2965.987562926
363,84.6951,40.29348373413086,-1971.5035270214948
364,81.3363,28.76998519897461,-2763.2174517605004
365,83.5334,3.139166831970215,-6463.23272667554
1,97.6127,2.5258166790008545,-9041.515379701306
2,99.3571,12.364933967590332,-7567.63695101033
3,100.3242,13.487167358398438,-7540.670237998576
4,94.2086,8.306349754333496,-7379.196597269111
5,99.0427,15.732434272766113,-6940.600375542321
6,107.599,43.104801177978516,-4159.501681694438
7,109.2595,22.02861785888672,-7609.226799116796
8,111.4293,32.86061096191406,-6173.038897163445
9,111.7097,21.37106704711914,-8161.068603795331
10,109.1045,3.1306583881378174,-11230.455105976052
11,106.3325,63.716896057128906,-1816.0896994156499
12,102.4701,66.33218383789062,-1305.948984539646
13,98.3425,82.7583236694336,-242.86655190218625
14,93.5905,29.55943489074707,-4099.977299025389
15,93.0969,86.09256744384766,-49.060674557175695
16,105.2146,37.50210189819336,-4584.982399187168
17,93.1838,75.53555297851562,-311.4606229313323
18,85.7884,5.94468355178833,-6375.019056262426
19,90.9427,71.79693603515625,-366.56027779750957
20,83.1835,44.181636810302734,-1521.1453322678622
21,73.2581,22.918827056884766,-2534.0424004414535
22,78.2027,28.457368850708008,-2474.5979711527193
23,74.2098,50.84771728515625,-545.7869087752011
24,82.3621,27.748517990112305,-2982.6433399507287
25,72.8648,95.07051849365234,-493.0939338193336
26,68.721,43.43362045288086,-639.4515643600596
27,66.0475,100.02830505371094,-1154.695112098307
28,57.8788,101.36282348632812,-1890.8602985595362
29,50.3767,109.0271224975586,-3439.8720591421275
30,51.7598,30.619768142700195,-446.9009469276506
31,51.2219,46.544185638427734,-21.88101164845941
32,56.8815,0.101500004529953,-3223.9683994855786
33,66.0648,4.070374965667725,-3843.308735337445
34,70.7648,10.671767234802246,-3611.17258691913
35,69.2223,3.348100185394287,-4339.4102012145995
36,65.258,5.720250129699707,-3544.743659618442
37,62.9502,11.99315071105957,-2596.6208722355045
38,61.3095,22.711633682250977,-1489.7952842828245
39,53.705,0.09774167090654373,-2873.7381455621594
40,48.1279,3.5565335750579834,-1986.6067049864482
41,53.8789,19.473217010498047,-1183.751021974104
42,57.0164,32.337650299072266,-609.0406868010406
43,60.0085,9.57402515411377,-2543.6362529803305
44,68.0956,34.245826721191406,-1145.8071510267446
45,71.8844,5.7953667640686035,-4367.760314060045
46,77.6367,3.4843084812164307,-5498.577167954966
47,85.8938,4.175041675567627,-6677.955462086985
48,77.3535,0.0,-5983.563962249999
49,60.9685,27.702468872070312,-1106.628827004387
50,66.7289,100.21600341796875,-1121.3860953257347
51,64.7314,13.533717155456543,-2621.2027286504585
52,62.1126,137.27467346191406,-5649.337287094166
53,56.5474,108.46210479736328,-2695.1365741973736
54,60.7691,138.2063751220703,-5996.531578331208
55,61.2352,93.48467254638672,-1040.0284795201508
56,59.3742,89.41755676269531,-902.6032855705901
57,58.6293,151.9454345703125,-8707.900971144672
58,74.0082,152.3356475830078,-6135.189044868836
59,66.5228,118.25025177001953,-2675.7292666196963
60,80.7953,49.027618408203125,-1009.1855937177899
61,83.9537,12.09220027923584,-5164.075142117387
62,89.9002,56.803653717041016,-1095.381375860046
63,101.6738,137.0970916748047,-1254.809593078287
64,103.6991,42.989051818847656,-3685.709950157839
65,100.3654,125.37300872802734,-625.3804942941097
66,100.8011,114.64871215820312,-191.75636248401486
67,95.5111,56.511104583740234,-1520.9996424682827
68,93.6047,145.3275909423828,-2675.2574474376265
69,97.8142,145.24343872070312,-2249.5326856254446
70,109.377,73.87774658203125,-1260.1969932331656
71,96.266,145.40818786621094,-2414.954628277969
72,101.3918,160.2246551513672,-3461.3048452617522
73,94.5698,143.67076110839844,-2410.904381768456
74,92.0765,133.9740447998047,-1755.404260251641
75,102.5122,155.53257751464844,-2811.1604317958368
76,102.199,167.70726013183594,-4291.332145500286
77,102.139,90.23332977294922,-141.7449835552833
78,108.7322,30.953235626220703,-6049.56729905763
79,115.4072,160.88009643554688,-2067.7843102379716
80,113.9133,134.56809997558594,-426.62076203146455
81,107.5508,144.50531005859375,-1365.635813670707
82,118.9499,181.15191650390625,-3869.0908571522255
83,113.0262,118.57254791259766,-30.761975167576345
84,111.7045,161.5669403076172,-2486.2629534306875
85,113.7103,149.14230346679688,-1255.4268696711056
86,113.379,15.897171974182129,-9502.706795255132
87,114.9071,61.58244323730469,-2843.519018859267
88,122.4002,143.79391479492188,-457.6910327264592
89,125.7114,181.8236846923828,-3148.5884933990187
90,124.4534,108.53028869628906,-253.5454735903671
91,120.4475,151.16441345214844,-943.5287720267773
92,112.1866,95.7191390991211,-271.17726852197546
93,108.7502,35.38285827636719,-5382.766831592313
94,107.306,63.43207550048828,-1924.9212509888544
95,109.7039,185.66567993164062,-5770.192010383
96,113.8977,125.43211364746094,-133.04269819073312
97,104.4628,137.1859130859375,-1070.802130035054
98,111.1575,198.86781311035156,-7693.09902591591
99,104.8159,198.29615783691406,-8738.558605255934
100,104.2795,130.34786987304688,-679.559907837978
101,110.3547,196.6381378173828,-7444.831641586167
102,111.5744,143.85838317871094,-1042.255569883291
103,107.9901,11.121977806091309,-9383.433097374025
104,107.3502,56.05670166015625,-2631.022971939554
105,106.2075,215.71249389648438,-11991.34368826908
106,106.7918,185.2020263671875,-6148.163598953587
107,112.7809,149.4778289794922,-1346.6645965258933
108,116.0056,206.826904296875,-8248.509314185565
109,107.1953,192.00143432617188,-7192.080419348707
110,112.9772,179.21530151367188,-4387.486092135501
111,100.0233,62.688751220703125,-1393.8685325536983
112,98.0695,217.95852661132812,-14373.378701811742
113,93.4856,57.725337982177734,-1278.7963395833021
114,88.9089,35.23868179321289,-2880.4923223641426
115,81.0,212.8697967529297,-17389.643295658985
116,78.8798,204.4224853515625,-15760.965845281426
117,69.906,143.8312530517578,-5464.943038766427
118,68.4137,46.408634185791016,-484.22292148766917
119,66.8192,53.20591735839844,-185.32146428013027
120,56.6977,78.34820556640625,-468.7443912809881
121,53.3842,65.79591369628906,-154.0506368786495
122,46.2861,148.64337158203125,-10477.011045717702
123,49.9386,206.17066955566406,-24408.459557645852
124,49.2485,173.8773956298828,-15532.36162592422
125,37.6045,211.8925323486328,-30376.318219958077
126,38.5872,202.24253845214844,-26783.069803887258
127,37.903,167.71731567382812,-16851.7565538643
128,35.2714,75.23883819580078,-1597.3961159351552
129,42.8349,140.29588317871094,-9498.643242160975
130,39.3083,183.77845764160156,-20871.626448989206
131,45.0549,59.761985778808594,-216.29837210523388
132,35.4739,74.30393981933594,-1507.7719923712145
133,45.1576,75.10476684570312,-896.8328020843803
134,47.2523,129.514892578125,-6767.134137674588
135,59.3386,113.06797790527344,-2886.8460500876854
136,53.5256,123.74117279052734,-4930.226662301844
137,38.1357,222.78306579589844,-34094.64969536433
138,40.1942,230.09095764160156,-36060.778562793166
139,41.9898,132.8343963623047,-8252.740688230062
140,52.3613,159.4062042236328,-11458.611520246723
141,62.1361,219.16650390625,-24658.547750960017
142,66.7555,149.1913299560547,-6795.666060543564
143,80.2649,223.8644561767578,-20620.83253416182
144,81.2665,153.01602172851562,-5147.993868270737
145,84.9104,110.33776092529297,-646.5506836251159
146,87.4408,139.24609375,-2683.7884605237896
147,92.5177,189.04727172851562,-9317.958218090642
148,89.7657,162.11831665039062,-5234.901136158383
149,88.8863,222.85284423828125,-17947.034975147366
150,85.7424,194.45672607421875,-11818.804693771557
151,84.2681,191.7853546142578,-11559.960039787142
152,78.0209,178.0411834716797,-10004.05710575516
153,80.1691,189.34286499023438,-11918.910962142925
154,86.1831,185.74281311035156,-9912.13647461551
155,80.4443,85.30278015136719,-23.604829381228946
156,82.4783,202.79241943359375,-14475.48733508106
157,77.537,211.45883178710938,-17935.05702921482
158,68.2704,74.63832092285156,-40.55041687969076
159,65.2482,96.84664916992188,-998.4619899441366
160,65.39,213.84962463378906,-22040.26014640555
161,55.3267,55.01987075805664,-0.09414418371153806
162,48.8376,201.60398864746094,-23337.56950038708
163,43.1151,181.98956298828125,-19286.116470283505
164,40.003,235.1807098388672,-38094.33841794504
165,42.1526,236.75405883789062,-37869.72778183524
166,55.0961,190.80062866210938,-18415.71909940526
167,57.5488,167.68887329101562,-12130.835744550293
168,58.1785,183.06883239746094,-15597.59512634828
169,54.3125,124.50281524658203,-4926.680354414566
170,53.7995,94.26405334472656,-1637.3800773882215
171,54.3226,225.8208770751953,-29411.659039760463
172,45.7941,140.93759155273438,-9052.283984845237
173,55.342,83.36964416503906,-785.5488374420482
174,52.2207,101.02311706542969,-2381.6759114281426
175,48.43,209.002197265625,-25783.430534710787
176,52.7702,217.3573455810547,-27088.928490519294
177,53.8911,100.73789978027344,-2194.622649653027
178,68.2262,125.46404266357422,-3276.170632780076
179,74.1714,147.34600830078125,-5354.523299972763
180,73.4485,162.50738525390625,-7931.485042668441
181,62.498,89.26370239257812,-716.4028245680624
182,56.5537,205.3351593017578,-22135.922631960617
183,57.1385,69.03931427001953,-141.6293802895005
184,55.4768,193.05801391601562,-18928.59042260445
185,49.171,231.44947814941406,-33225.44359646642
186,44.8982,33.590179443359375,-127.87132890940701
187,42.7802,178.10794067382812,-18313.597395882873
188,43.5137,214.65017700195312,-29287.69376064003
189,37.8589,206.50518798828125,-28441.570452226293
190,37.4102,206.7921600341797,-28690.248385020444
191,35.9187,222.26243591308594,-34723.987914045916
192,44.6583,120.52058410644531,-5755.086149847026
193,45.2048,134.58786010742188,-7989.331434166991
194,53.1634,195.88027954101562,-20368.107705924765
195,48.4189,214.8135986328125,-27687.19573310449
196,46.0999,133.4960174560547,-7638.081346392509
197,38.5065,193.14698791503906,-23913.680502601335
198,38.621,196.74261474609375,-25002.44504991209
199,29.3749,192.82876586914062,-26717.166267567016
200,22.1657,198.58265686035156,-31122.942667867137
201,26.1752,184.5057830810547,-25068.573538786764
202,23.0102,209.62181091308594,-34823.893327576974
203,21.3487,162.01315307617188,-19786.488359218558
204,15.8668,215.15391540527344,-39715.35436655477
205,19.3041,195.5018310546875,-31045.640428819985
206,16.4694,124.59661865234375,-11691.495413491753
207,25.6065,124.04415893554688,-9689.972696711053
208,21.993,203.91531372070312,-33095.72822949393
209,21.0738,198.256103515625,-31393.568679103057
210,14.9829,202.2478485107422,-35068.16094073092
211,9.5331,194.04261779785156,-34043.762157995705
212,3.3098,198.18336486816406,-37975.706284426546
213,0.0,179.20188903808594,-32113.317034818465
214,0.0,182.4972381591797,-33305.24193572835
215,0.0,165.13473510742188,-27269.48073899839
216,1.0342,163.43011474609375,-26372.43312622055
217,0.0,74.20779418945312,-5506.796718464233
218,0.0,80.95891571044922,-6554.346033011621
219,0.0,78.73421478271484,-6199.076577450673
220,0.0,157.1244354248047,-24688.08820756362
221,0.0,198.57080078125,-39430.362922906876
222,0.0,160.44264221191406,-25741.841439940268
223,0.0,118.04297637939453,-13934.144272506295
224,0.0,194.45005798339844,-37810.825049747014
225,0.0,197.96011352539062,-39188.206546985544
226,0.0,186.90306091308594,-34932.75417868071
227,0.0,85.13561248779297,-7248.07251367165
228,0.0,76.56465148925781,-5862.145857671509
229,0.0,157.1118927001953,-24684.146827837685
230,0.0,141.70993041992188,-20081.7043796191
231,0.0,187.89813232421875,-35305.70813092962
232,0.0,53.0306282043457,-2812.247527747546
233,0.0,57.64344787597656,-3322.767083030427
234,0.0,123.33377838134766,-15211.220889819378
235,0.0,71.62644958496094,-5130.348280146951
236,0.0,182.90086364746094,-33452.7259229871
237,0.0,154.45880126953125,-23857.52128962055
238,0.0,178.01220703125,-31688.345852136612
239,0.0,97.74910736083984,-9554.887989840994
240,0.0,30.907730102539062,-955.2877800913993
241,0.0,164.10910034179688,-26931.796814993955
242,0.0,144.97059631347656,-21016.473795484984
243,0.0,182.31719970703125,-33239.561309013516
244,0.0,168.5404510498047,-28405.88364007161
245,0.0,182.1130828857422,-33165.174958149204
246,0.0,187.38624572753906,-35113.60508786165
247,0.0,158.1715850830078,-25018.25032767118
248,0.0,106.54513549804688,-11351.865898297168
249,0.0,194.8711700439453,-37974.77291429625
250,0.0,187.46095275878906,-35141.608809232945
251,0.0,128.14317321777344,-16420.672842320288
252,0.0,87.32928466796875,-7626.403960619122
253,0.0,82.87574005126953,-6868.388289045601
254,0.0,118.19535827636719,-13970.142718078801
255,0.0,46.4494743347168,-2157.5536659715144
256,0.0,191.67190551757812,-36738.119364739396
257,0.0,172.80531311035156,-29861.67623916664
258,0.0,122.65428161621094,-15044.07279878878
259,0.0,182.9919891357422,-33486.06808785559
260,0.0,124.85681915283203,-15589.225288963004
261,0.0,174.2850341796875,-30375.27313901484
262,0.0,167.7344207763672,-28134.8359131834
263,0.0,86.86038970947266,-7544.727300481463
264,0.0,106.33820343017578,-11307.813508757448
265,0.0,173.25808715820312,-30018.36476571951
266,0.0,146.17135620117188,-21366.065373689868
267,0.0,64.56248474121094,-4168.314435959095
268,0.0,146.21258544921875,-21378.120143745095
269,0.0,142.1144561767578,-20196.518654415617
270,0.0,153.11984252929688,-23445.686176196672
271,0.0,148.29632568359375,-21991.800211254507
272,0.0,141.10215759277344,-19909.81887733587
273,0.0,90.5294418334961,-8195.579838684353
274,0.0,51.49073028564453,-2651.295305348991
275,0.0,23.818218231201172,-567.3075197091239
276,0.0,75.241943359375,-5661.350040495396
277,0.0,122.90805053710938,-15106.388886832632
278,0.0,90.11954498291016,-8121.532387926767
279,0.0,137.74208068847656,-18972.880792390788
280,0.0,135.1929473876953,-18277.133023372153
281,0.0,151.4808349609375,-22946.443360462785
282,0.0,108.9998779296875,-11880.973388686776
283,0.0,97.23727416992188,-9455.087487996556
284,0.0,145.22048950195312,-21088.990571186878
285,0.0,32.408348083496094,-1050.301025501045
286,0.0,10.914819717407227,-119.13328946350157
287,0.0,12.02773380279541,-144.66638043090734
288,0.0,128.2654571533203,-16452.02749875025
289,0.0,139.88365173339844,-19567.436022270704
290,0.0,44.40303421020508,-1971.6294470726425
291,0.0,50.67082214355469,-2567.532216703752
292,0.0,109.33648681640625,-11954.467349354178
293,0.0,133.59690856933594,-17848.133979283506
294,0.0,133.2974853515625,-17768.21960105002
295,0.0,130.3080596923828,-16980.190420793602
296,0.0,19.218421936035156,-369.3477417114773
297,0.0,41.471153259277344,-1719.8565526544699
298,0.0,122.52325439453125,-15011.947867427021
299,0.0,110.86387634277344,-12290.79907774576
300,0.0,101.29823303222656,-10261.332015451277
301,0.0,100.04944610595703,-10009.8916661088
302,0.0,118.59297180175781,-14064.292960772524
303,0.0,64.52738189697266,-4163.7830144777545
304,0.0,116.95193481445312,-13677.755056844093
305,0.0,116.08033752441406,-13474.644759781891
306,0.0,45.63561248779297,-2082.6091271360056
307,0.0,69.0456314086914,-4767.299216624873
308,0.0,57.544578552246094,-3311.378520755621
309,0.0,41.673824310302734,-1736.7076326459792
310,0.0,74.1231460571289,-5494.2407814064645
311,0.0,69.60101318359375,-4844.301036182791
312,0.0,88.11846923828125,-7764.864620897919
313,0.0,61.30698776245117,-3758.5467485053377
314,0.0,79.86640167236328,-6378.642116091272
315,0.0,22.67542839050293,-514.1750526928263
316,0.0,30.384565353393555,-923.221811714644
317,0.0,24.37339973449707,-594.0626146175819
318,0.0,97.9312744140625,-9590.534508362412
319,0.0,30.925830841064453,-956.4070132101333
320,0.0,1.6132073402404785,-2.602437922605759
321,0.0,32.541297912597656,-1058.9360698364326
322,0.0,69.18885803222656,-4787.098075803602
323,0.0,31.9064998626709,-1018.0247334866181
324,0.0,91.95113372802734,-8455.010993869568
325,0.0,89.48979949951172,-8008.424214462808
326,0.0,10.788775444030762,-116.39767558172116
327,0.0,3.2223012447357178,-10.383225311825356
328,0.0,1.4298408031463623,-2.0444447223422344
329,0.0,64.56340026855469,-4168.4326542376075
330,0.0,31.37775421142578,-984.5634593526484
331,0.0,66.58670806884766,-4433.789691445942
332,0.0,55.15519332885742,-3042.0953511436383
333,0.0,59.17011260986328,-3501.1022262639017
334,0.0,62.63456726074219,-3923.089015940437
335,0.0,51.76178741455078,-2679.2826363491477
336,0.0,49.99790954589844,-2499.790958959842
337,0.0,83.25975036621094,-6932.186031043762
338,0.0,22.743942260742188,-517.2869095599744
339,0.0,18.465139389038086,-340.9613726566058
340,0.0,77.74060821533203,-6043.60216568975
341,0.0,34.168724060058594,-1167.501703892427
342,0.0,5.335608959197998,-28.468722965473944
343,0.0,56.52981185913086,-3195.619628828732
344,0.0,12.433588027954102,-154.59411124888356
345,0.0,54.67535400390625,-2989.394335452467
346,0.0,13.98411750793457,-195.55554247572218
347,0.0,19.65912437438965,-386.4811711677212
348,0.0,11.278255462646484,-127.19904628071527
349,0.0,4.183494567871094,-17.50162679940695
350,0.0,19.53301239013672,-381.53857303323457
351,0.0,77.71249389648438,-6039.231707611121
352,0.0,18.740842819213867,-351.21918957447997
353,0.0,51.445682525634766,-2646.6582505284023
354,0.0,6.347619533538818,-40.292273742563566
355,0.0,9.825340270996094,-96.5373114408576
356,0.0,6.854704856872559,-46.986978674832244
357,0.0,8.089414596557617,-65.43862851499944
358,0.0,5.362631797790527,-28.757819798674063
359,0.0,66.34313201904297,-4401.411166096164
360,0.0,25.014177322387695,-625.7090671158549
361,0.0,19.472620010375977,-379.1829300684949
362,0.0,81.24110412597656,-6600.116999607766
363,0.0,39.069732666015625,-1526.4440105939284
364,0.0,75.45246124267578,-5693.073907577491
365,0.0,81.95105743408203,-6715.975814564212
1,0.0,74.80083465576172,-5595.164865198603
2,0.0,49.041725158691406,-2405.0908065406256
3,0.0,10.404571533203125,-108.25510878954083
4,0.0,35.95831298828125,-1293.000272963196
5,0.0,17.636959075927734,-311.0623254459497
6,0.0,0.0,-0.0
7,0.0,2.7570533752441406,-7.601343313945108
8,0.0,0.5402690768241882,-0.2918906753724606
9,0.0,34.442115783691406,-1186.2593396572047
10,0.0,29.392179489135742,-863.9002151215718
11,0.0,61.87899398803711,-3829.0098969715327
12,0.0,85.04536437988281,-7232.71400250704
13,0.0,85.74495697021484,-7352.197645823995
14,0.0,34.098751068115234,-1162.7248244052898
15,0.0,86.96466827392578,-7562.853527993953
16,0.0,88.71607208251953,-7870.541445750801
17,0.0,25.754228591918945,-663.2802903648153
18,0.0,93.37246704101562,-8718.41760132555
19,0.0,50.06448745727539,-2506.452904359685
20,0.0,37.72770690917969,-1423.3798686249647
21,0.0,8.373539924621582,-70.11617086923161
22,0.0,20.808923721313477,-433.0113064394427
23,0.0,82.2007064819336,-6756.9561461289995
24,0.0,92.72846984863281,-8598.569120468805
25,0.0,8.958185195922852,-80.24908200445134
26,0.0,11.339790344238281,-128.59084505127976
27,0.0,23.119653701782227,-534.5183872903326
28,0.0,79.44557189941406,-6311.598894424969
29,0.0,15.957137107849121,-254.6302246786954
30,0.0,105.97596740722656,-11230.905667897547
31,0.0,17.93951416015625,-321.8261683024466
32,0.0,0.0,-0.0
33,0.0,0.3244691789150238,-0.10528024806578973
34,0.0,0.045706167817115784,-0.0020890537765263506
35,0.0,0.0,-0.0
36,0.0,0.6524614095687866,-0.4257058909764879
37,0.0,1.1683629751205444,-1.36507204163253
38,0.0,11.769119262695312,-138.51216821954586
39,0.0,63.52549362182617,-4035.4883398966776
40,0.0,43.77605056762695,-1916.342603299432
41,0.0,77.7658920288086,-6047.533963036316
42,0.0,83.45127868652344,-6964.115914415801
43,0.0,121.7642822265625,-14826.540426149964
44,0.0,95.84613800048828,-9186.482169608644
45,0.0,123.33329772949219,-15211.102328831563
46,0.0,44.26817321777344,-1959.6711600387935
47,0.0,88.86954498291016,-7897.796025469492
48,0.0,99.54480743408203,-9909.168687088473
49,0.0,100.18695068359375,-10037.425087276846
50,0.0,133.3048553466797,-17770.184458999196
51,0.0,95.6570053100586,-9150.262664888578
52,0.0,29.656566619873047,-879.5119436789682
53,0.0,128.63009643554688,-16545.70170901809
54,0.0,141.9908905029297,-20161.412985814968
55,0.0,97.81647491455078,-9568.062764708942
56,0.0,23.51459503173828,-552.9361795066507
57,0.0,15.324455261230469,-234.8389290534542
58,0.0,30.009864807128906,-900.5919857421541
59,0.0,47.099388122558594,-2218.3523615194135
60,0.0,66.56690216064453,-4431.152463264822
61,0.0,91.6109390258789,-8392.564149203303
62,0.0,20.793354034423828,-432.3635720008897
63,0.0,135.6484375,-18400.498596191406
64,0.0,151.7112579345703,-23016.305784089724
65,0.0,152.47853088378906,-23249.702380478615
66,9.7846,155.8008575439453,-21320.74746713976
67,0.9395,116.32930755615234,-13314.807687845874
68,0.0399,154.67221069335938,-23911.15151036763
69,0.0,133.97702026367188,-17949.841958732344
70,8.0534,160.37252807617188,-23201.116777885247
71,11.5174,155.0895233154297,-20612.954593300947
72,14.9024,125.86405944824219,-12312.489867507675
73,16.3449,153.97113037109375,-18940.97928615737
74,7.458,105.08326721191406,-9530.692798197622
75,0.0,141.1311798095703,-19918.009914441267
76,0.0,150.65223693847656,-22696.096494566882
77,2.759,81.98554992675781,-6276.846213297048
78,7.1621,34.178077697753906,-729.8630509655366
79,10.2983,167.34764099121094,-24664.495505773644
80,7.5301,171.1393280029297,-26767.97948771463
81,5.3985,115.17671966552734,-12051.257512932774
82,2.3806,47.6876335144043,-2052.727285875354
83,0.9746,52.03082275390625,-2606.737881896494
84,0.0,73.84395599365234,-5452.929836792464
85,7.8584,187.37310791015625,-32225.530356068717
86,11.3766,188.82040405273438,-31486.303596705195
87,18.5967,189.09632873535156,-29070.12339889272
88,21.7745,96.56297302246094,-5593.315697031367
89,26.1622,182.81417846679688,-24539.842357561796
90,30.6623,187.65283203125,-24646.027147454937
91,36.2444,184.7783660888672,-22062.33908208875
92,48.0564,147.77207946777344,-9943.216731719735
93,58.88,141.92654418945312,-6896.728501810791
94,56.6257,192.6519775390625,-18503.14818113406
95,62.4267,190.1714324951172,-16318.71668024905
96,77.4181,61.105899810791016,-266.0878750128295
97,79.3924,36.33031463623047,-1854.3431958765736
98,78.9317,48.27117156982422,-940.0680036176177
99,85.3097,92.39312744140625,-50.174944317667
100,84.0961,206.02020263671875,-14865.486803769127
101,92.9882,199.35899353027344,-11314.74571626006
102,87.8527,91.40587615966797,-12.625060821632824
103,88.5248,154.46556091308594,-4348.183949796762
104,83.1522,170.53933715820312,-7636.511740706606
105,78.8063,159.29263305664062,-6478.049808904482
106,79.8642,186.5215301513672,-11375.78607501774
107,80.662,174.48069763183594,-8801.948025333857
108,78.0341,118.90879821777344,-1670.7409543940514
109,78.4842,105.28328704833984,-718.1910666244963
110,73.5549,97.11091613769531,-554.8858962793619
111,80.2616,194.11489868164062,-12962.573620690871
112,80.722,222.2288818359375,-20024.197606929985
113,92.0969,216.51840209960938,-15480.710184723099
114,84.8413,35.93288803100586,-2392.0327613288496
115,87.0772,41.53156661987305,-2074.404719996935
116,92.218,220.27037048339844,-16397.409586417525
117,93.613,218.46022033691406,-15586.828425853968
118,90.9045,212.00546264648438,-14665.443153905204
119,94.4356,192.20889282226562,-9559.6167893085
120,95.6362,214.61973571777344,-14157.081771902667
121,98.8638,150.44577026367188,-2660.6996562823297
122,87.9271,140.9427032470703,-2810.6541876507727
123,87.0558,124.96658325195312,-1437.227486776569
124,95.4501,121.97907257080078,-703.7863856622998
125,99.5867,122.06693267822266,-505.3608612670301
126,105.1615,164.97401428222656,-3577.536864761556
127,103.3887,156.75396728515625,-2847.851752416168
128,109.5026,84.2370376586914,-638.3486404225511
129,106.7401,165.50631713867188,-3453.4682767895324
130,93.069,57.710693359375,-1250.209848492466
131,96.8264,117.4522705078125,-425.4265342050492
132,101.4517,210.77444458007812,-11951.462482521001
133,100.0644,222.6924285888672,-15037.633395592027
134,105.2249,40.71647644042969,-4161.336710140927
135,108.2929,161.67422485351562,-2849.565843116565
136,107.7935,143.9318389892578,-1305.9795449025119
137,103.5971,151.80882263183594,-2324.370199129082
138,107.2468,240.2349090576172,-17685.83715072068
139,111.6981,180.05474853515625,-4672.63139895888
140,117.4133,52.07719421386719,-4268.806719296738
141,113.1715,233.33905029296875,-14440.240143413175
142,104.1251,193.72109985351562,-8027.443189751171
143,106.2715,194.5027313232422,-7784.750180815473
144,106.2278,52.62872314453125,-2872.861039758446
145,112.6076,186.9815673828125,-5531.487024259657
146,112.6941,122.54435729980469,-97.02756887235542
147,116.874,202.06321716308594,-7257.202720859416
148,111.2066,208.38816833496094,-9444.257224042683
149,112.4694,139.60357666015625,-736.2635430245685
150,109.5921,61.29846954345703,-2332.274742673135
151,109.8108,240.69357299804688,-17130.30026765827
152,109.1693,234.64617919921875,-15744.447213575333
153,119.2846,212.45970153808594,-8681.599546632626
154,118.1594,166.13375854492188,-2301.539077796718
155,112.5219,188.3922882080078,-5756.315806833811
156,111.0723,199.7606201171875,-7865.618125208725
157,108.5816,175.6814422607422,-4502.388831416484
158,111.703,129.5398406982422,-318.1528860944687
159,118.072,202.47401428222656,-7123.7000148971765
160,115.6509,225.09375,-11977.737416122502
161,110.4881,192.73483276367188,-6764.5250502988565
162,113.6574,69.85966491699219,-1918.241598401333
163,110.4065,55.0872688293457,-3060.217337312289
164,107.898,74.92546081542969,-1087.1883402780245
165,112.248,160.93429565429688,-2370.3553845376064
166,114.8496,100.04750061035156,-219.1021463410305
167,110.9685,225.80567932128906,-13187.5777544699
168,106.0464,137.6342010498047,-997.7891751620417
169,106.7557,196.6365203857422,-8078.561873214047
170,117.0828,236.95877075195312,-14370.24836372312
171,117.6604,157.53160095214844,-1589.7126653666028
172,120.7226,143.15414428710938,-503.17417910454924
173,109.2234,32.412471771240234,-5899.918695363684
174,106.5415,221.92384338378906,-13313.085164734612
175,101.6088,66.15054321289062,-1257.2879743805881
176,104.1919,124.60118865966797,-416.5390635936514
177,89.72,67.66680145263672,-486.3435661694259
178,95.4978,209.2019500732422,-12928.633743878381
179,98.8019,78.27741241455078,-421.2545906452592
180,97.2751,193.71856689453125,-9301.342306636547
181,98.1833,176.40682983398438,-6118.920619688243
182,98.1043,158.61453247070312,-3661.4882336585356
183,109.7889,170.0271759033203,-3628.649883804541
184,122.0482,204.53126525878906,-6803.456054485656
185,121.4808,187.77371215820312,-4394.750202415235
186,113.0793,190.254638671875,-5956.032899118604
187,116.39,66.530029296875,-2486.0166785164834
188,119.6782,170.12904357910156,-2545.287617842973
189,122.8282,108.68467712402344,-200.03923934327221
190,128.6529,180.97935485839844,-2738.0578780480105
191,128.6565,206.3752899169922,-6040.210306161567
192,133.1317,92.51385498046875,-1649.809334030659
193,131.2794,181.25177001953125,-2497.2377653689446
194,141.7724,169.99130249023438,-796.3064577533555
195,150.6436,174.11953735351562,-551.1196346261905
196,140.2646,144.77908325195312,-20.380559032165248
197,137.3012,66.14115905761719,-5063.751426921597
198,138.0922,210.2273712158203,-5203.482926335712
199,121.9542,174.27554321289062,-2737.522955601096
200,112.7038,156.9254608154297,-1955.5552852749095
201,106.8987,124.10408782958984,-296.0253703665981
202,108.7106,222.88250732421875,-13035.224422049996
203,106.9165,170.66934204101562,-4064.4248683066894
204,115.081,215.34417724609375,-10052.70471148161
205,112.7236,99.13957214355469,-184.52581280468235
206,101.8605,171.3495635986328,-4828.729959814836
207,107.8605,142.5279083251953,-1201.829199985821
208,108.5293,127.74998474121094,-369.4347219210187
209,108.4628,88.8182373046875,-385.9088434900636
210,115.3572,223.77369689941406,-11754.136799940658
211,109.6186,222.11477661132812,-12655.38975216713
212,103.2318,220.17575073242188,-13675.887612907114
213,106.0866,200.24563598632812,-8865.924057874634
214,114.2702,206.64593505859375,-8533.276427615507
215,117.7048,216.66635131835938,-9793.388639336275
216,115.9633,154.0409393310547,-1449.9066170258825
217,122.4653,142.09983825683594,-385.515092559154
218,124.0824,185.156494140625,-3730.044975097924
219,116.8674,144.14071655273438,-743.8337957856546
220,97.54,74.88224792480469,-513.3737291010178
221,93.0979,73.36045837402344,-389.56660193883215
222,91.6428,182.0948944091797,-8181.581383007157
223,92.226,183.86317443847656,-8397.371739067783
224,94.3578,206.73643493652344,-12628.957590196407
225,94.1186,186.99305725097656,-8625.664809663473
226,88.8085,178.07318115234375,-7968.183301229595
227,80.3108,188.593505859375,-11725.144388227925
228,75.3416,196.68214416503906,-14723.527658267796
229,83.2926,117.93806457519531,-1200.3082156311139
230,79.454,56.130828857421875,-543.9703121459887
231,83.6143,65.01886749267578,-345.7901101344503
232,94.4751,214.57476806640625,-14423.930269660961
233,89.5379,205.32965087890625,-13407.729571602687
234,105.237,157.19183349609375,-2699.3047236068255
235,104.4658,209.38999938964844,-11009.087617558702
236,88.66,209.66946411132812,-14643.29040451081
237,87.5679,208.20228576660156,-14552.655029285243
238,91.0349,192.22525024414062,-10239.486982531853
239,90.8362,132.17173767089844,-1708.6266745422633
240,105.772,41.04323196411133,-4189.8134114438835
241,103.0052,54.12297439575195,-2389.4719800246035
242,97.2199,97.11995697021484,-0.009988609202635739
243,93.9038,158.0501708984375,-4114.756899439909
244,92.9362,166.87603759765625,-5467.099583967781
245,97.825,126.96605682373047,-849.2011928038879
246,105.371,174.58551025390625,-4790.648429688094
247,111.6529,176.351318359375,-4185.885338204712
248,119.8089,160.7711639404297,-1677.9070671254267
249,115.7935,171.13792419433594,-3063.0052894025976
250,115.6195,171.35511779785156,-3106.4590913081875
251,123.0441,101.85210418701172,-449.1006865377129
252,128.0808,185.19276428222656,-3261.7764641743215
253,118.285,155.6344451904297,-1394.9810560329115
254,118.2119,171.680419921875,-2858.882622635944
255,113.8119,181.00762939453125,-4515.266048863072
256,116.2649,186.66932678222656,-4956.783310533901
257,119.9963,174.0964813232422,-2926.8296192076823
258,123.8043,167.62188720703125,-1919.9809486457889
259,127.7798,160.23062133789062,-1053.055805503698
260,138.991,60.643714904785156,-6138.297081790876
261,128.5634,15.606425285339355,-12759.278136688485
262,122.4159,181.4071502685547,-3479.9676082472542
263,128.971,175.28298950195312,-2144.800371629016
264,130.2416,172.95851135253906,-1824.7345155006801
265,135.5294,103.6180419921875,-1018.3347699027796
266,142.8902,150.4761505126953,-57.54664518106238
267,146.9414,112.46305847167969,-1188.7560345434963
268,130.7953,103.9320068359375,-721.636519618367
269,129.4821,157.57354736328125,-789.129414964001
270,131.6571,114.74293518066406,-286.088971535662
271,132.9887,134.47732543945312,-2.2160056989870265
272,132.4859,96.06966400146484,-1326.142244301007
273,134.4019,167.2435302734375,-1078.5726790171657
274,131.7762,158.85723876953125,-733.3826608368553
275,126.6444,164.2294158935547,-1412.6334197187582
276,131.1379,161.8559112548828,-943.596215455107
277,122.6846,58.305381774902344,-4144.683739274747
278,115.7705,58.807395935058594,-3244.795224713344
279,113.8072,100.85289764404297,-167.81394952955375
280,116.7892,130.92236328125,-199.74630433447345
281,118.1254,112.2968521118164,-33.97197048484942
282,119.2556,84.3760986328125,-1216.5796156236347
283,116.2106,136.8363037109375,-425.419653571381
284,120.5169,138.85723876953125,-336.3680261811708
285,123.376,128.4832763671875,-26.0842718908319
286,129.1071,139.7675018310547,-113.64416719955408
287,127.0502,136.40469360351562,-87.50655057821467
288,129.1806,132.00315856933594,-7.966836877331744
289,126.6553,122.54563903808594,-16.889313221880393
290,124.1004,132.99502563476562,-79.11436518262991
291,113.2926,129.4786376953125,-261.98781627407743
292,119.5936,89.8171157836914,-886.6390122840745
293,105.2562,50.52832794189453,-2995.1399800083623
294,97.7463,59.6064338684082,-1454.6493885357434
295,102.7756,98.30467987060547,-19.989126803425187
296,110.2706,15.574050903320312,-8967.436410819866
297,107.4728,26.824674606323242,-6504.120129514211
298,112.1807,125.79846954345703,-185.4436473387059
299,113.746,91.9170913696289,-476.5012519930894
300,115.5254,16.004955291748047,-9904.318914928235
301,127.6592,15.848684310913086,-12501.591418659551
302,132.6538,25.875001907348633,-11401.711722111206
303,127.5647,68.03341674804688,-3543.973685624275
304,128.563,15.107234001159668,-12872.210838383611
305,121.9498,116.61802673339844,-28.427806166447056
306,119.1818,115.00908660888672,-17.41153704437606
307,131.0297,113.8314208984375,-295.7808040552411
308,124.0539,90.0106201171875,-1158.9449051795061
309,114.5434,43.0340461730957,-5113.587684741393
310,103.6253,73.72150421142578,-894.2370025647489
311,97.0674,110.7282485961914,-186.61878436806455
312,98.8144,110.03466033935547,-125.89424208291315
313,110.1886,107.31238555908203,-8.272609510145028
314,102.5591,104.45764923095703,-3.604489182367532
315,102.4425,23.1906681060791,-6280.852858542297
316,96.1025,89.19945526123047,-47.65202666545379
317,93.7329,107.17646789550781,-180.72951776112833
318,91.9522,95.34005737304688,-11.47757758010804
319,96.3071,83.0439682006836,-175.9106651260382
320,90.6128,8.27485466003418,-6779.537242807198
321,90.2814,3.81502628326416,-7476.433783722227
322,95.3361,31.884693145751953,-4026.081031783316
323,82.4942,100.35147094726562,-318.88212568405675
324,76.0163,26.72642707824707,-2429.491572642553
325,86.1521,0.005096991080790758,-7421.306127418736
326,78.4241,0.20523333549499512,-6118.191102279611
327,79.4656,6.311964988708496,-5351.454315365253
328,83.2945,44.0406608581543,-1540.8638873738978
329,76.3496,26.406579971313477,-2494.305249585783
330,84.1217,1.8645000457763672,-6766.2469443091295
331,76.0355,14.34014892578125,-3806.3163441711044
332,78.2433,38.4866943359375,-1580.5876939277668
333,80.5178,24.044437408447266,-3189.2406823969873
334,91.3589,13.44117546081543,-6071.171797364246
335,92.0588,21.490612030029297,-4979.869153365119
336,86.8871,38.95234680175781,-2297.74056417639
337,86.327,33.001121520996094,-2843.6493155574917
338,88.3896,85.16175842285156,-10.418961247168122
339,89.3127,80.04010772705078,-85.98096746035768
340,97.1095,7.3333210945129395,-8059.76229887002
341,99.7242,35.26570510864258,-4154.89756365915
342,92.9547,37.049720764160156,-3125.3667033596844
343,88.0177,74.50910186767578,-182.4822235006335
344,98.9439,37.27082824707031,-3803.5677794420135
345,105.6664,35.62840270996094,-4905.321064399518
346,111.2142,13.516016960144043,-9544.9349692892
347,106.6314,2.116425037384033,-10923.379991436243
348,102.5755,22.371557235717773,-6432.67243493626
349,101.3242,17.32217025756836,-7056.341000848371
350,92.6205,28.261001586914062,-4142.145035984012
351,93.9898,38.824073791503906,-3043.257348110753
352,81.9931,63.95646286010742,-325.32027931615227
353,75.4501,82.22518157958984,-45.90173041009753
354,76.6999,26.98283576965332,-2471.7864756844174
355,90.0514,8.759583473205566,-6608.3594342260085
356,84.5458,13.124608993530273,-5100.986524782632
357,85.1698,14.197336196899414,-5037.090618282422
358,85.9478,41.291446685791016,-1994.1898913234638
359,87.0265,15.835379600524902,-5068.175623732559
360,85.3861,7.455668926239014,-6073.152087342211
361,85.9003,28.851390838623047,-3254.5780365030396
362,86.15,0.28519999980926514,-7372.763879072756
363,93.2892,0.6705917119979858,-8578.206601206355
364,103.6303,0.5265666842460632,-10630.37982364611
365,98.8565,2.1199700832366943,-9357.956220336842
1,86.6025,3.3839335441589355,-6925.329802965237
2,93.5371,6.6370649337768555,-7551.616094510811
3,95.6705,0.7842271327972412,-9003.40477862926
4,91.822,10.268977165222168,-6650.895533489795
5,89.7228,12.31436538696289,-5992.065749240843
6,89.1291,6.49891471862793,-6827.747519633876
7,98.4051,1.329216718673706,-9423.727114849687
8,90.416,7.312571048736572,-6906.179903457688
9,94.5686,17.357576370239258,-5961.542169955473
10,82.7139,83.0998764038086,-0.14897778429701825
11,95.0998,34.3450813293457,-3691.13584075035
12,93.9458,86.24642944335938,-59.28030696846465
13,84.7693,75.23723602294922,-90.86024366258918
14,94.3568,74.62135314941406,-389.48786239230265
15,96.6405,9.479084014892578,-7597.11243652894
16,97.6301,88.81480407714844,-77.70944220744336
17,94.9873,93.62667083740234,-1.8513117181112122
18,95.5556,78.38883209228516,-294.69792039734824
19,97.4041,44.215145111083984,-2829.064922175143
20,99.9493,58.541412353515625,-1714.613159343873
21,107.0678,88.55206298828125,-342.8325170871318
22,106.2663,25.660818099975586,-6497.243712335164
23,104.7142,87.37213134765625,-300.74734514260393
24,107.51,42.3083610534668,-4251.253721314076
25,107.0071,16.13482666015625,-8257.770061951276
26,102.9664,19.712900161743164,-6931.14523531863
27,103.2305,82.3646240234375,-435.38478026928834
28,101.3842,53.88969802856445,-2255.7277175146955
29,98.9196,102.198974609375,-10.754297828613417
30,93.6818,64.2763442993164,-864.680824964865
31,95.7687,38.16585159301758,-3318.0881445977966
32,101.5171,30.27759552001953,-5075.066998553157
33,92.2733,6.907248020172119,-7287.3628306226765
34,91.9281,29.36997413635254,-3913.5191115719576
35,90.0049,52.675296783447266,-1393.4992763052646
36,97.9586,56.268917083740234,-1738.0296616582816
37,106.2903,64.86157989501953,-1716.338849536813
38,101.8244,109.31035614013672,-56.03953933205069
39,106.0101,38.17591857910156,-4601.476169043362
40,103.3529,99.07035064697266,-18.340228961114967
41,98.2132,55.745513916015625,-1803.5043613278401
42,109.746,116.3926773071289,-44.178319225102435
43,108.7407,110.37334442138672,-2.665527806685161
44,106.6565,103.02941131591797,-13.155772322195878
45,108.6287,4.151808738708496,-10915.420807623728
46,104.4956,26.047710418701172,-6154.071379759653
47,102.2116,41.20570755004883,-3721.71891361501
48,103.0353,39.80707931518555,-3997.807890967599
49,100.0783,65.66786193847656,-1184.0782475859407
50,95.5539,134.52308654785156,-1518.5975002012553
51,100.4962,128.81808471679688,-802.1291539115323
52,100.7787,74.28687286376953,-701.8169050159171
53,101.9404,90.36373901367188,-134.0190795923716
54,100.6137,85.04580688476562,-242.35929604736168
55,104.2753,24.657201766967773,-6339.0415662447695
56,103.1169,80.48632049560547,-512.1431287047219
57,111.0041,93.76628112792969,-297.14239946630323
58,101.4915,141.09254455566406,-1568.2427298996902
59,107.3477,84.91938018798828,-503.02952958987754
60,102.2602,92.79716491699219,-89.54903298223662
61,96.3229,50.4276008605957,-2106.378483095405
62,105.1053,97.67301940917969,-55.23879478068433
63,109.2666,26.208118438720703,-6898.711359265372
64,109.1847,53.614505767822266,-3088.0464870019605
65,121.026,54.240535736083984,-4460.298236946803
66,115.0758,121.7308578491211,-44.28979497514827
67,113.3273,75.91455078125,-1399.7138041050782
68,117.5422,85.00660705566406,-1058.564808239522
69,121.7962,121.75445556640625,-0.0017425977360629125
70,127.7522,133.7314453125,-35.7513745070532
71,108.7326,161.10931396484375,-2743.3201657550576
72,114.5579,57.61298751831055,-3242.7230575472718
73,118.5319,20.129701614379883,-9682.992647122937
74,115.0411,82.39019012451172,-1066.0819156972582
75,113.7577,41.50456619262695,-5220.515344986154
76,110.716,155.08351135253906,-1968.4760636176832
77,123.604,161.3708038330078,-1426.3314717608937
78,114.961,147.58006286621094,-1064.0032622698213
79,119.0685,99.49674987792969,-383.0534028407593
80,115.5473,133.06175231933594,-306.75604004629173
81,124.7323,164.65914916992188,-1594.1532846376915
82,129.0609,85.24897766113281,-1919.48453902693
83,133.4542,13.423750877380371,-14407.308716577776
84,136.6095,23.75347900390625,-12736.481475070752
85,121.1718,181.13034057617188,-3595.0265880244488
86,127.8832,77.98100280761719,-2490.2292846274595
87,128.5938,30.781234741210938,-9567.297922504866
88,126.4686,185.29461669921875,-3460.5002406967637
89,122.2326,179.0267791748047,-3225.578788139818
90,120.3865,75.10721588134766,-2050.213570297642
91,125.113,50.19303512573242,-5613.001136761488
92,136.0526,93.6875,-1794.801698010001
93,130.1726,193.84498596191406,-4054.1727340829525
94,129.1192,185.74440002441406,-3206.4132778049016
95,128.0126,166.1422576904297,-1453.8707955893444
96,138.0016,72.23204040527344,-4325.634969284289
97,143.5519,82.38468933105469,-3741.427661019136
98,138.2162,117.06389617919922,-447.41995692746275
99,139.2955,145.48777770996094,-38.34430323727902
100,126.4251,202.06568908691406,-5721.498717415383
101,132.2191,35.889896392822266,-9279.315467593104
102,135.6237,201.89938354492188,-4392.466229346626
103,137.3756,202.33145141601562,-4219.2626331795
104,134.1091,201.72764587402344,-4572.267746117411
105,138.9105,201.06468200683594,-3863.1423409388867
106,147.3033,181.98841857910156,-1203.057450846336
107,140.4961,179.51455688476562,-1522.439977668313
108,143.6139,180.74685668945312,-1378.8564725008016
109,147.7528,123.94940185546875,-566.6017632270741
110,158.0245,56.75600814819336,-10255.307441939425
111,149.2572,69.1320571899414,-6420.038510332286
112,152.8236,85.81243896484375,-4490.495703279643
113,153.612,93.44454193115234,-3620.12301046654
114,148.4032,171.03515625,-512.2054437019142
115,149.3149,155.3810272216797,-36.797899469603394
116,144.8309,158.11582946777344,-176.48935096371466
117,151.2264,88.04479217529297,-3991.915567315082
118,145.2434,31.396440505981445,-12961.130186032704
119,140.0493,42.76417922973633,-9464.394723284786
120,141.2958,75.51760864257812,-4326.770458253612
121,154.2319,19.65675163269043,-18110.470558083383
122,165.8215,23.261259078979492,-20323.422291459407
123,176.6466,87.14944458007812,-8009.7408282576525
124,180.7741,187.64601135253906,-47.22316563715519
125,175.3665,219.150390625,-1917.0290782619627
126,169.7752,218.18104553222656,-2343.125881689777
127,164.4251,209.63185119628906,-2043.6503537231838
128,159.9561,137.15248107910156,-520.0050358895569
129,157.4712,162.7964630126953,-28.358426154380645
130,161.3959,30.116600036621094,-17234.25459887482
131,158.4201,113.84333801269531,-1987.0877092728113
132,158.0747,94.98294067382812,-3980.5700948715967
133,157.076,165.99139404296875,-79.48425094140279
134,167.1004,123.11933898925781,-1934.3337276306272
135,171.1304,226.2067108154297,-3033.4000130378163
136,167.4129,220.6995849609375,-2839.470794126202
137,165.8765,148.3538818359375,-307.0421473235328
138,172.7614,136.47500610351562,-1316.702382010819
139,172.5197,226.15078735351562,-2876.2935307204234
140,173.6972,220.39010620117188,-2180.227489511434
141,172.7426,92.76097106933594,-6397.0609664024405
142,172.5448,212.1722412109375,-1570.334096926307
143,167.7707,215.9566650390625,-2321.887226745753
144,163.1925,209.39878845214844,-2135.0210925231463
145,167.1866,163.23638916015625,-15.604165679219053
146,168.446,134.8580322265625,-1128.151579149476
147,169.1526,179.7517852783203,-112.3427285641619
148,170.6351,137.6044921875,-1091.0210524631857
149,177.0111,177.8268280029297,-0.6654121747636579
150,177.5328,223.3011932373047,-2094.7458195245567
151,171.5442,202.29248046875,-945.4567517849134
152,172.4792,158.3681640625,-199.12133522941627
153,168.8795,226.5161590576172,-3321.9844673240045
154,170.5316,233.32379150390625,-3942.8593138632364
155,178.1959,221.64866638183594,-1888.1429062344118
156,172.0125,210.609619140625,-1489.7376059556016
157,166.6185,233.57241821289062,-4482.827164058445
158,165.3458,234.26513671875,-4749.874973752442
159,159.2987,239.1470947265625,-6375.766140408935
160,165.4369,224.893798828125,-3535.122818257891
161,182.8452,198.86813354492188,-256.7343993849825
162,182.6238,219.08018493652344,-1329.0680026399739
163,188.9286,198.56564331054688,-92.87260376935649
164,189.2944,204.20803833007812,-222.41660824037555
165,195.2619,203.24903869628906,-63.79438455375819
166,192.6976,166.7574462890625,-672.8915745470642
167,191.4035,227.66226196289062,-1314.6978190815635
168,186.1868,231.24778747558594,-2030.4925922749123
169,189.0552,222.51937866210938,-1119.8512535295754
170,204.3459,221.08200073242188,-280.09706772577204
171,197.284,227.65048217773438,-922.12323985066
172,202.4366,210.3611297607422,-62.79817192888866
173,194.8169,227.5267333984375,-1069.9332009535372
174,187.2921,169.0023956298828,-334.51328594628393
175,186.1633,228.12802124023438,-1761.0378287705787
176,187.6898,225.26962280273438,-1412.2430818849152
177,185.6727,203.5389404296875,-319.20254709140045
178,184.6285,197.47265625,-164.972349774414
179,187.2422,229.2527313232422,-1764.8847420611132
180,185.0809,210.3107452392578,-636.5450907968994
181,176.8861,204.1921844482422,-745.6222478945339
182,184.0453,132.76527404785156,-2629.641061653017
183,180.2649,230.17898559570312,-2491.4159408551773
184,179.5881,84.19192504882812,-9100.430195314591
185,168.2346,169.397216796875,-1.3516778163758842
186,176.9529,101.10173034667969,-5753.3999377767805
187,176.3062,198.5341796875,-494.08308098791304
188,174.9402,112.36492156982422,-3915.665470614023
189,168.3223,142.05987548828125,-689.7149412337264
190,173.0247,226.7256622314453,-2883.7933445831163
191,169.6684,219.12716674804688,-2446.169608237708
192,171.9202,86.26464080810547,-7336.874820476147
193,173.8923,221.9695281982422,-2311.419871225853
194,172.5405,196.90426635742188,-593.5931111190415
195,170.6595,126.28302764892578,-1969.2712983256554
196,169.2561,228.23593139648438,-3478.6205115577236
197,161.5677,139.49037170410156,-487.4084246848779
198,163.3308,227.929443359375,-4172.984723871722
199,159.5474,109.69270324707031,-2485.490788326579
200,172.7466,148.21958923339844,-601.574257144989
201,179.4012,52.62268829345703,-16072.79103052605
202,185.5125,157.1964874267578,-801.796568048009
203,188.9296,213.8929443359375,-623.1685604345832
204,196.3397,170.9302215576172,-645.6415947139166
205,196.7691,141.64056396484375,-3039.1554853795224
206,209.7063,166.67112731933594,-1852.0260876545744
207,207.612,211.41636657714844,-14.473205053324158
208,204.4488,186.98081970214844,-305.13033568613054
209,207.8518,186.93638610839844,-437.4545382569995
210,204.2455,185.8699188232422,-337.6619835836158
211,204.2043,106.46782684326172,-9552.41818511782
212,194.0679,138.97994995117188,-3034.6822405821836
213,191.9907,189.59080505371094,-5.759495753223801
214,196.7338,137.99368286132812,-3450.4013614648934
215,197.1268,86.04833984375,-12338.42431068362
216,188.7633,166.60653686523438,-490.92215261010847
217,181.9289,196.0580596923828,-199.6331536128552
218,185.2781,212.2958526611328,-729.9589588581495
219,190.3315,203.06727600097656,-162.19999034705043
220,197.9315,129.46507263183594,-4687.6516765600845
221,189.6485,183.203125,-41.54285889062516
222,183.3674,157.98129272460938,-644.454442597641
223,176.2151,180.8551788330078,-21.530331576527082
224,175.5636,136.30453491210938,-1541.274191575233
225,180.1925,94.34025573730469,-7370.607844941499
226,181.5654,202.50852966308594,-438.6146800848296
227,180.8151,148.2229461669922,-1062.248491474446
228,189.8187,142.69615173339844,-2220.5345551381947
229,192.6378,191.86106872558594,-0.6033114726528914
230,187.4266,166.6460723876953,-431.8303278457579
231,185.8978,194.13961791992188,-67.92756262514551
232,193.0145,186.92041015625,-37.13793102369688
233,190.5161,132.07693481445312,-3415.136027583633
234,178.1389,202.60792541503906,-598.7332047618272
235,185.4715,206.3435821533203,-435.64381341495266
236,184.6496,156.10658264160156,-814.7038399218341
237,177.8777,173.3721466064453,-20.3000113821722
238,171.1174,97.20454406738281,-5463.110272115824
239,166.6201,121.0169906616211,-2079.6435813281423
240,181.5785,139.3551025390625,-1782.8152931443026
241,175.2012,137.064208984375,-1454.430083725862
242,173.7004,105.14622497558594,-4699.674913277997
243,175.3901,123.50294494628906,-2692.2768595678394
244,168.4588,183.39236450195312,-223.0113487339946
245,178.0305,182.04644775390625,-16.12783636210474
246,171.7003,179.07627868652344,-54.405061584048035
247,161.9432,146.59278869628906,-235.63512719309622
248,167.2017,130.5103759765625,-1346.253258592881
249,171.5952,179.36932373046875,-60.436999776637265
250,167.1277,173.041259765625,-34.97018910161875
251,165.3241,94.58230590820312,-5004.401431326185
252,162.7537,142.39849853515625,-414.33422667437753
253,168.4219,140.2132110595703,-795.7301317379198
254,168.6151,171.73780822753906,-9.751306674340075
255,178.1509,189.0533447265625,-118.86330101575031
256,161.3653,170.08447265625,-76.02397180949784
257,161.4792,92.6229019165039,-4741.189785763267
258,166.2625,159.18231201171875,-50.12906194940193
259,149.4177,138.4406280517578,-120.49610855688546
260,152.9095,123.08917236328125,-889.2519403612525
261,157.8417,174.3731689453125,-273.28946548983146
262,154.3493,172.97203063964844,-346.80609647690073
263,157.0639,167.2809295654297,-104.38769314086456
264,151.1485,165.26727294921875,-199.33974959159076
265,160.935,103.53888702392578,-3294.3137847622756
266,154.6295,55.04850387573242,-9916.374789101395
267,154.8197,79.49372100830078,-5674.003111057914
268,154.0339,123.65586853027344,-922.8247959756967
269,159.0017,98.22298431396484,-3694.052280443896
270,158.6196,173.4210205078125,-219.08204904909272
271,162.5369,169.4020233154297,-47.12991813605627
272,164.9448,65.67784881591797,-9853.927597382923
273,172.9012,162.4584197998047,-109.05165830959102
274,164.4601,42.262451171875,-14932.265379121762
275,166.3303,35.78725051879883,-17041.487767851337
276,162.1428,97.79460906982422,-4140.689675986356
277,157.2025,70.52369689941406,-7513.214906950144
278,158.5448,120.15670013427734,-1473.6462113006965
279,160.4944,129.02401733398438,-990.3849851454576
280,157.8618,49.34211349487305,-11776.522359171031
281,155.0915,145.34033203125,-95.08527675477593
282,156.7516,150.1836395263672,-43.13810478320291
283,161.2824,148.59043884277344,-161.08587801654772
284,153.7407,89.79354858398438,-4089.2381742228295
285,153.1596,139.5620574951172,-184.89316217209506
286,159.0964,28.564594268798828,-17038.55230744804
287,165.3626,145.92726135253906,-377.7323883414882
288,167.4389,103.9673080444336,-4028.642985373921
289,173.4751,20.68000030517578,-23346.34249075127
290,184.1333,87.59752655029297,-9319.15555553316
291,186.4176,102.229248046875,-7087.678604583245
292,185.4842,131.66258239746094,-2896.7665213539412
293,187.5738,67.48712158203125,-14420.810333460642
294,186.9224,134.8668975830078,-2709.7753318854807
295,191.5429,120.24403381347656,-5083.528319483776
296,189.8493,127.89204406738281,-3838.7015626998277
297,182.2979,125.41162872314453,-3236.0478597839915
298,162.5303,123.15003204345703,-1550.8055043291258
299,165.2578,55.14105224609375,-12125.698135897417
300,171.9019,14.546577453613281,-24760.697533677405
301,171.8026,45.838768005371094,-15866.8869707711
302,174.9788,74.11299133300781,-10173.911358046278
303,178.4414,95.4992446899414,-6879.401127477879
304,174.4622,49.89921188354492,-15515.938008500128
305,169.1401,75.40858459472656,-8785.59698016901
306,165.8639,101.9941177368164,-4079.3490863464817
307,167.2351,46.51629638671875,-14573.029545821963
308,163.6138,114.4119873046875,-2420.818372504614
309,166.9991,110.2247543334961,-3223.3263258596708
310,169.9095,95.92622375488281,-5473.5251639613225
311,165.4978,109.39783477783203,-3147.206097928457
312,166.2319,79.44952392578125,-7531.180797087134
313,159.1355,106.5638198852539,-2763.7815500871907
314,161.0911,103.62080383300781,-3302.834941521798
315,154.4297,107.16204071044922,-2234.231614713056
316,164.0347,98.16647338867188,-4338.623276921273
317,167.582,103.80668640136719,-4067.2906246039583
318,159.97,99.78300476074219,-3622.4743959304424
319,166.1664,84.1009521484375,-6734.7377310775255
320,165.43,96.98416900634766,-4684.8317804116205
321,171.0374,94.78738403320312,-5814.064934936777
322,169.8381,67.80216217041016,-10411.332608763923
323,171.9535,27.690820693969727,-20811.720640554533
324,181.3432,92.96823120117188,-7810.1351101938435
325,182.0475,90.5663070678711,-8368.808660285395
326,180.3627,86.64124298095703,-8783.711505772317
327,180.8261,14.307381629943848,-27728.483567606076
328,187.3325,9.574102401733398,-31598.047916703435
329,190.9089,7.625975131988525,-33592.63054817313
330,193.4073,18.79317855834961,-30490.091406839427
331,190.8391,70.8288803100586,-14402.452830028
332,203.6213,15.872146606445312,-35249.74459999653
333,200.2198,2.7477169036865234,-38995.22360239733
334,192.1895,66.87812805175781,-15702.9399395507
335,201.1636,18.95924949645996,-33198.42534241687
336,204.5618,12.293212890625,-36967.20958903532
337,196.022,27.850313186645508,-28281.716245648986
338,193.3304,33.65530014038086,-25496.137515179344
339,187.9178,0.0,-35313.09955684
340,178.5082,0.17419834434986115,-31803.01614651742
341,182.587,53.38044357299805,-16694.334223724036
342,174.7327,52.92905807495117,-14836.127186205511
343,175.1957,22.441009521484375,-23333.995463187108
344,169.327,53.14289093017578,-13498.74720034881
345,176.3301,16.0943546295166,-25675.494094434387
346,176.1408,0.26537084579467773,-30932.1665801759
347,173.3439,7.678450584411621,-27445.04113006887
348,173.1267,11.650629997253418,-26074.521183531913
349,174.8191,20.088027954101562,-23941.70465647301
350,169.1748,20.91893768310547,-21979.80071132599
351,153.8168,3.2625834941864014,-22666.572107679396
352,157.0897,7.583961009979248,-22351.96599095221
353,159.4205,16.028812408447266,-20561.17607035346
354,163.6638,21.75916290283203,-20136.926029678943
355,173.4989,37.282623291015625,-18554.874040458595
356,165.8633,29.811487197875977,-18510.0957667442
357,164.9692,71.82942199707031,-8675.018246435026
358,164.6551,12.721325874328613,-23083.871720070532
359,145.328,11.362325668334961,-17946.80189913774
360,148.1916,4.047749996185303,-20777.449493922228
361,151.1975,84.944091796875,-4389.5140985299095
362,152.1844,83.26223754882812,-4750.264476945727
363,156.8718,28.944643020629883,-16365.357492824407
364,158.0161,67.50723266601562,-8191.855066080783
365,148.4594,68.53728485107422,-6387.54448987815
366,156.5858,57.66338348388672,-9785.644489387403
1,160.0031,58.390296936035156,-10325.161746516102
2,155.9724,7.1034064292907715,-22161.977246755865
3,151.7665,22.029184341430664,-16831.77107429126
4,147.2277,77.76677703857422,-4824.819818653127
5,147.8304,32.673553466796875,-13261.099303471696
6,147.8603,79.72952270507812,-4641.802814810241
7,145.878,83.45305633544922,-3896.873591522337
8,154.1383,46.15715789794922,-11659.927049663282
9,142.8299,14.316265106201172,-16515.75435361663
10,139.9136,9.777167320251465,-16935.491110610725
11,148.6342,17.51576805114746,-17192.043196725874
12,142.8422,59.49372482299805,-6946.96831433131
13,136.6732,35.8350830078125,-10168.325838530096
14,131.8347,61.349159240722656,-4968.211456127748
15,126.0587,26.516925811767578,-9908.564808541054
16,118.0516,6.142716884613037,-12523.59812013334
17,115.8647,13.046396255493164,-10571.603584897668
18,109.5623,38.83341598510742,-5002.575033992126
19,110.4996,18.77427101135254,-8413.53597807561
20,118.4532,19.08648681640625,-9873.743688910583
21,113.8035,13.975598335266113,-9965.609950783779
22,127.0765,22.71754264831543,-10890.791979530719
23,128.4363,39.05881118774414,-7988.335506384919
24,137.666,9.59055233001709,-16403.32029586653
25,134.6473,8.0108003616333,-16036.80304065805
26,134.4886,26.899324417114258,-11575.452220450132
27,146.4035,68.55569458007812,-6060.2808086980185
28,144.9473,47.93131637573242,-9412.101078584157
29,134.2863,22.708940505981445,-12449.507151657455
30,133.9249,50.09242630004883,-7027.8836466530065
31,129.6576,32.266944885253906,-9484.93970367942
32,119.0701,81.60621643066406,-1403.542572096759
33,119.7559,71.34564971923828,-2343.55233224599
34,122.7716,113.40162658691406,-87.79640176193746
35,121.3029,22.206233978271484,-9820.149216622001
36,115.1766,88.42801666259766,-715.486710557958
37,122.0556,99.03025817871094,-530.166365987203
38,118.3191,18.868879318237305,-9890.346393651302
39,113.2754,28.34746551513672,-7212.754055865231
40,117.5213,123.02194213867188,-30.257063937732738
41,110.586,99.83076477050781,-115.67508484170983
42,109.0489,74.7806167602539,-1174.3152361994632
43,113.4063,126.78441619873047,-178.97399302673452
44,105.3823,109.53871154785156,-17.275756955113817
45,99.8254,114.6924819946289,-221.03012703501895
46,88.2492,126.41309356689453,-1456.4827721852537
47,83.9505,92.50257110595703,-73.13792020134503
48,83.6049,129.935791015625,-2146.551462301721
49,93.3166,130.29629516601562,-1367.4978545714398
50,82.6913,116.86824798583984,-1168.0637736268022
51,92.3307,30.21563148498535,-3858.2817366249633
52,87.343,144.79408264160156,-3300.626896692132
53,85.4706,136.90943908691406,-2645.9541666094374
54,84.8768,42.610992431640625,-1786.3984894055848
55,87.3264,26.53328514099121,-3695.802814260636
56,95.0425,120.19330596923828,-632.5630409022717
57,84.8263,139.56556701660156,-2996.387353514803
58,84.6829,128.88760375976562,-1954.055834488637
59,79.8596,82.02245330810547,-4.677934432382768
60,68.6969,50.87825012207031,-317.5042834722436
61,62.1058,101.96184539794922,-1588.5043547633888
62,59.599,135.71597290039062,-5793.793563518802
63,54.6721,190.14035034179688,-18351.64685066775
64,54.1288,112.6653060913086,-3426.5225453778085
65,63.5736,30.509790420532227,-1093.2155039073048
66,54.3039,181.0839385986328,-16073.178187070826
67,48.0645,146.1919708251953,-9629.000530549556
68,48.3205,111.52040100097656,-3994.227486533238
69,58.0712,126.98568725585938,-4749.206553738004
70,52.5916,125.19302368164062,-5270.966720601088
71,53.3287,88.74268341064453,-1254.1502210094063
72,55.6999,50.96784591674805,-22.392335846821478
73,61.8304,22.775405883789062,-1525.2925654172707
74,72.4019,106.23301696777344,-1144.5444752871679
75,64.6924,126.04345703125,-3763.9521988516894
76,61.0742,165.00442504882812,-10801.491678700064
77,55.5454,117.40106964111328,-3826.123866750543
78,57.8209,307.8385009765625,-62508.80079807563
79,62.3982,435.6209411621094,-139295.21452055892
80,64.8652,79.5621337890625,-215.99986280008696
81,67.0151,0.0,-4491.023628010001
82,68.1891,0.0,-4649.75335881
83,66.6154,0.0,-4437.6115171599995
84,62.256,0.0,-3875.809536
85,67.3767,0.0,-4539.61970289
86,62.4866,0.0,-3904.5751795600004
87,59.1385,0.0,-3497.36218225
88,64.3596,50.10733413696289,-203.12708223069293
89,63.9195,20.68602752685547,-1869.1331420861459
90,71.3351,56.21935272216797,-228.48581576728637
91,66.0254,150.50595092773438,-7136.96348505352
92,64.5974,43.715431213378906,-436.05662040541733
93,61.5602,42.701690673828125,-355.64337400531167
94,58.1042,66.9212646484375,-77.74062901472632
95,59.9425,83.49259185791016,-554.6068265160061
96,57.4792,235.57064819335938,-31716.56391960801
97,47.4505,192.82931518554688,-21134.999904753393
98,51.9775,179.4895782470703,-16259.330098886983
99,50.9725,187.52040100097656,-18645.329267772497
100,56.1276,112.39388275146484,-3165.89457466779
101,54.8549,173.23934936523438,-14014.877851509742
102,45.1827,154.2100830078125,-11886.970245532242
103,38.3838,208.28025817871094,-28864.80650167047
104,45.2685,112.98208618164062,-4585.1297535784715
105,41.3741,151.48431396484375,-12124.259219383672
106,57.038,182.3146209716797,-15694.231762081896
107,59.748,201.51849365234375,-20098.87287042924
108,56.952,194.48170471191406,-18914.419678146278
109,57.5461,109.34716796875,-2683.350642703057
110,55.765,115.27987670898438,-3542.0205496856106
111,56.8816,176.93814086914062,-14413.573005463635
112,55.3137,210.8169708251953,-24181.267237334047
113,62.6983,203.2747802734375,-19761.746806068157
114,60.3087,200.30450439453125,-19598.82524807186
115,54.8574,158.09149169921875,-10657.277688962706
116,57.1667,45.33127975463867,-140.07717238430877
117,47.0466,86.34671783447266,-1544.499261803436
118,46.5855,37.35328674316406,-85.23376161969729
119,46.9652,40.985862731933594,-35.75247416528787
120,46.6917,30.90212631225586,-249.31063724070202
121,32.2217,78.28033447265625,-2121.397809485759
122,37.7237,166.31251525878906,-16535.083409658982
123,33.0612,129.77659606933594,-9353.867836848522
124,33.8017,200.6432342529297,-27836.097551871517
125,31.0277,220.34449768066406,-35840.849884061485
126,30.9598,216.6355743408203,-34475.493177063225
127,34.5663,198.80995178222656,-26975.97715076129
128,37.3823,174.78988647460938,-18880.844820777256
129,35.2205,208.5810546875,-30053.881921557673
130,28.1811,33.2200927734375,-25.391448170755343
131,24.4277,171.46324157714844,-21619.450486885344
132,21.5498,223.2106475830078,-40667.097447897104
133,12.2716,219.31137084960938,-42865.46671345876
134,21.5826,214.42825317382812,-37189.445948040404
135,24.217,224.0832977294922,-39946.53696809402
136,28.0519,219.4957733154297,-36650.75663001429
137,29.6691,135.86990356445312,-11278.61067773556
138,27.0458,132.95884704589844,-11217.573534546696
139,26.8982,44.171295166015625,-298.3598166142324
140,39.0979,159.9220733642578,-14598.480869156225
141,41.2236,238.75149536132812,-39017.26944587579
142,36.6012,136.83802795410156,-10047.421678300156
143,42.5532,103.92294311523438,-3766.2453700298574
144,38.3274,126.6234130859375,-7796.185926872046
145,45.2899,227.9621124267578,-33369.137192886534
146,41.8903,92.24137115478516,-2535.2303664342376
147,42.5293,160.69815063476562,-13963.877260341547
148,43.3901,227.38966369628906,-33855.83944042474
149,36.8269,214.5902557373047,-31599.810642987537
150,32.4047,197.53204345703125,-27267.039557176366
151,35.9741,243.32919311523438,-42996.13464082752
152,39.6308,263.6478576660156,-50183.64212533897
153,36.4846,240.81121826171875,-41749.36693027014
154,32.2168,252.33139038085938,-48450.43289853351
155,37.6951,294.85247802734375,-66129.91707389816
156,32.9797,407.97357177734375,-140620.40387056294
157,36.5353,255.14068603515625,-47788.314803579684
158,37.5895,261.3253173828125,-50057.71597995523
159,38.864,215.31243896484375,-31134.05161313019
160,48.6824,212.47894287109375,-26829.307456522052
161,58.0044,238.93727111816406,-32736.703851062164
162,59.7716,251.53228759765625,-36772.16130792591
163,58.7334,204.48887634277344,-21244.65888390878
164,58.7782,199.03903198242188,-19673.10098840118
165,55.9306,151.23876953125,-9083.64717939749
166,57.1624,230.4188690185547,-30017.804056777404
167,71.1059,252.10980224609375,-32762.412628313454
168,67.1096,146.28196716308594,-6268.263722206489
169,65.2343,252.54684448242188,-35085.98932047927
170,73.918,229.33389282226562,-24154.099741741953
171,70.6319,196.2080841064453,-15769.378014735848
172,75.7906,78.39503479003906,-6.783080575565827
173,76.0378,140.89187622070312,-4206.05120244077
174,81.078,225.9696044921875,-20993.57705232049
175,76.2745,234.9183807373047,-25167.880895392158
176,83.7112,191.96141052246094,-11718.10807815711
177,72.2635,301.06256103515625,-52349.01033056916
178,74.7243,485.2925720214844,-168566.30599070762
179,78.4291,143.11744689941406,-4184.582224578932
180,76.1032,143.91909790039062,-4598.996008036205
181,78.1253,242.7604522705078,-27104.7333631333
182,71.4018,391.6705627441406,-102572.08038966265
183,79.5828,135.58660888671875,-3136.4266098201174
184,85.2103,159.01760864257812,-5447.518809060787
185,83.8694,268.2895812988281,-34010.80327029264
186,80.4302,415.8857421875,-112530.42078430958
187,94.7898,216.97703552246094,-14929.72052462134
188,94.7785,288.34161376953125,-37466.67901215649
189,105.4273,393.8191833496094,-83169.8783819347
190,98.7091,243.0592803955078,-20836.974580215647
191,100.4918,153.0572967529297,-2763.131448882262
192,88.6828,171.89878845214844,-6924.900734068102
193,88.8451,107.67955017089844,-354.7365132400561
194,85.8266,207.2511444091797,-14743.91998497685
195,98.1377,266.5820617675781,-28373.503011286735
196,95.0443,245.43374633789062,-22616.985569817276
197,107.8803,192.83949279785156,-7218.064440862512
198,95.3143,265.0344543457031,-28804.93079112929
199,86.8541,189.84375,-10606.868007122499
200,93.3481,206.82640075683594,-12877.324742658911
201,94.3935,182.0768280029297,-7688.366009669353
202,81.6386,148.61546325683594,-4485.9002117249
203,75.1602,153.99205017089844,-6214.460601366979
204,79.4401,241.1239013671875,-26141.65162454414
205,71.497,152.6476593017578,-6585.429505109972
206,76.2856,207.90794372558594,-17324.441367816296
207,77.5421,93.91668701171875,-268.12709980434823
208,62.0015,197.239990234375,-18289.449240873146
209,62.9916,232.66078186035156,-28787.63127316105
210,51.0634,257.03717041015625,-42425.194096975756
211,50.5019,220.81028747558594,-29004.946844534315
212,43.4954,202.7045135498047,-25347.541837314606
213,45.8738,173.4498291015625,-16275.64320132272
214,41.4689,179.74256896972656,-19119.607530349524
215,40.0135,158.23866271972656,-13977.189100105825
216,44.4984,222.7341766357422,-31767.99207294618
217,41.6086,169.11949157714844,-16259.027470799305
218,47.6181,161.6070556640625,-12993.482013383607
219,45.2635,195.13087463378906,-22460.229979624484
220,45.3867,215.31520080566406,-28875.695386060575
221,51.0866,202.6973419189453,-22985.81706521304
222,55.3082,152.75595092773438,-9496.064160873755
223,62.9548,197.44239807128906,-18086.91403498459
224,65.3705,208.98280334472656,-20624.49367197776
225,66.6157,126.18387603759766,-3548.367596446223
226,66.3685,120.80976867675781,-2963.8517351349315
227,58.5206,139.29017639160156,-6523.72447047876
228,58.9111,143.42074584960938,-7141.880241626398
229,53.9781,130.4298858642578,-5844.875561834331
230,47.5859,163.2206573486328,-13371.397107077188
231,42.3743,197.32028198242188,-24008.257332497004
232,41.1726,90.1883316040039,-2402.541944675747
233,35.7663,76.37640380859375,-1649.1805313447605
234,32.6369,197.6787567138672,-27238.814467560667
235,44.6364,208.38226318359375,-26812.7077097402
236,39.0379,156.0613555908203,-13694.489158416693
237,40.0689,147.60546875,-11564.113618523477
238,39.0039,108.87646484375,-4882.175317844049
239,38.9684,65.35474395751953,-696.2391474445274
240,50.8163,153.01817321777344,-10445.222889221835
241,43.9387,175.06475830078125,-17194.043165499887
242,43.807,171.0537109375,-16191.725444411682
243,33.1347,123.2153091430664,-8114.516143585897
244,24.4748,221.47975158691406,-38810.95094976236
245,26.0294,138.07537841796875,-12554.30127963992
246,22.7388,167.52879333496094,-20964.142169938033
247,25.6976,64.04180145263672,-1470.2777850403877
248,23.1107,178.09654235839844,-24020.611331542328
249,28.9854,125.1598129272461,-9249.51770190044
250,29.2306,182.26910400390625,-23420.783707753628
251,27.0916,178.17669677734375,-22826.706468219327
252,24.8798,164.7210235595703,-19555.567806637726
253,36.4294,208.80062866210938,-29711.8404704852
254,40.5714,176.0493621826172,-18354.278237154656
255,47.0602,164.27499389648438,-13739.30790819531
256,63.5083,204.15150451660156,-19780.510976698617
257,58.3755,162.13961791992188,-10766.99216769945
258,63.9998,166.650634765625,-10537.193878079648
259,64.4397,122.4352035522461,-3363.478432278589
260,56.123,132.77297973632812,-5875.219393579514
261,59.4301,136.01968383789062,-5865.964352461276
262,65.5495,114.44113159179688,-2390.3916397079906
263,77.1936,153.3345489501953,-5797.444107036248
264,80.9347,123.07704162597656,-1775.9769577205163
265,84.8577,162.09242248535156,-5965.202357389271
266,86.9709,148.1637420654297,-3744.563920044621
267,86.7295,149.6211395263672,-3955.3583223145115
268,94.3972,143.3430633544922,-2395.6975395166214
269,95.3575,65.11258697509766,-914.7547638839076
270,97.7076,109.96868896484375,-150.3343026038132
271,94.0508,161.66262817382812,-4571.359309007259
272,97.97,159.5500946044922,-3792.108051498208
273,93.0592,156.0610809326172,-3969.2370010476725
274,84.2964,167.7642364501953,-6966.879721676552
275,83.3507,124.47067260742188,-1690.8521472351251
276,84.5446,72.17328643798828,-153.04939924961513
277,83.3543,89.51295471191406,-37.92902786058135
278,88.9077,57.97895431518555,-956.587309635929
279,80.7577,20.426334381103516,-3639.873677440965
280,86.5849,46.531681060791016,-1604.2603473922097
281,81.2817,149.74270629882812,-4686.909383448184
282,86.8324,155.6983642578125,-4742.521033158308
283,88.4616,7.181950092315674,-6606.381489115729
284,85.1747,63.983360290527344,-449.0728786822727
285,76.6544,53.00870895385742,-559.1187050496271
286,62.8747,87.95315551757812,-628.9289311471448
287,60.6785,13.986419677734375,-2180.1503648209045
288,62.6652,52.644134521484375,-100.42175332469756
289,54.5983,140.09283447265625,-7309.3154246962085
290,51.7183,170.4251708984375,-14091.321198498308
291,50.6039,137.7047576904297,-7586.559410408483
292,35.8445,125.52860260009766,-8043.238259184844
293,37.3263,114.97157287597656,-6028.788399984861
294,40.7155,109.23148345947266,-4694.439989418732
295,44.2015,203.3468780517578,-25327.251355236913
296,44.2996,305.423095703125,-68185.48000821994
297,38.3953,42.188236236572266,-14.38636529470299
298,39.0993,147.4268798828125,-11734.864563267123
299,31.08,94.56352233886719,-4030.1576085494494
300,37.2416,32.46992874145508,-22.76884659962366
301,39.8918,34.425315856933594,-29.8824488863965
302,25.0632,41.613853454589844,-273.9241297739268
303,29.3647,48.28527069091797,-357.9879952700241
304,33.2691,89.43682861328125,-3154.813737575213
305,26.259,32.88496017456055,-43.90334823486243
306,26.1286,28.383684158325195,-5.08540456112926
307,28.604,110.87732696533203,-6768.900329944431
308,26.2396,13.422384262084961,-164.28101927225694
309,15.636,22.42536735534668,-46.095509085847176
310,15.9723,92.95468139648438,-5926.287045473783
311,12.5859,39.02801513671875,-699.1854529034907
312,16.4366,105.27775573730469,-7892.750952740026
313,16.9914,105.15216827392578,-7772.321062648839
314,21.2678,137.64500427246094,-13543.653674274101
315,4.9589,55.95397186279297,-2600.497354291419
316,0.0,224.50213623046875,-50401.20917204395
317,5.8277,314.25225830078125,-95125.70816303202
318,9.2713,7.815116882324219,-2.1204692722039584
319,7.5026,113.80282592773438,-11299.73803228737
320,24.6029,58.57090377807617,-1153.8252806673968
321,37.6744,18.28821563720703,-375.82414414819857
322,40.1179,28.37240219116211,-137.95671877741566
323,36.6985,94.43521118164062,-3333.5278180721853
324,36.4532,107.18861389160156,-5003.498778416178
325,33.3242,84.21583557128906,-2589.9585711208942
326,42.6284,86.86833953857422,-1957.1722503767026
327,46.809,91.09375762939453,-1961.1397582942175
328,38.7228,89.65413665771484,-2594.001053741488
329,40.5619,91.48087310791016,-2592.7418223640775
330,31.8784,86.52473449707031,-2986.221873965697
331,28.7773,86.13297271728516,-3289.673192852329
332,27.7247,60.177799224853516,-1053.2036492981879
333,26.6338,86.03998565673828,-3529.094894282857
334,9.6802,87.0079574584961,-5979.582073559998
335,10.7899,94.02518463134766,-6928.112607661459
336,17.4834,73.95438385009766,-3188.97201699799
337,17.6148,88.60450744628906,-5039.5385633097085
338,12.7178,13.634992599487305,-0.8412422645542785
339,0.8285,58.0562858581543,-3275.019474226765
340,2.1169,56.44546890258789,-2951.59339900324
341,6.5952,85.11228942871094,-6164.93333235619
342,20.8592,76.62743377685547,-3110.095898590003
343,24.3343,64.88260650634766,-1644.1651605327158
344,22.5975,82.98725128173828,-3646.922059870211
345,22.8189,42.46543502807617,-385.986338609424
346,24.2296,87.53726959228516,-4007.861029205946
347,15.8956,237.3253173828125,-49031.119740232214
348,22.1498,363.4920654296875,-116514.54216867122
349,24.9296,56.0255126953125,-966.955786354497
350,24.6205,90.41448211669922,-4328.848082772538
351,14.3454,19.21540069580078,-23.716906777100096
352,16.3775,72.95480346679688,-3200.991267574026
353,23.8035,70.36531829833984,-2168.002923247615
354,25.429,81.26200103759766,-3117.3240048643806
355,21.2373,46.45343780517578,-635.8536058096153
356,17.5293,22.494539260864258,-24.65360091762785
357,12.8167,112.5647964477539,-9949.682744950416
358,13.1455,3.1216812133789062,-100.47694306701798
359,16.7122,63.530399322509766,-2191.943787802254
360,8.2356,54.322021484375,-2123.9582452354616
361,9.6005,61.33164978027344,-2676.111857589085
362,20.1566,15.29440689086914,-23.640921830479623
363,12.6184,45.62306213378906,-1089.3077225655695
364,8.6996,52.476993560791016,-1916.4601869763862
365,5.6633,35.1097297668457,-867.0922260137767
1,1.3439,35.247886657714844,-1149.4803112865063
2,0.0,41.75229263305664,-1743.2539401163958
3,0.2231,5.075188636779785,-23.542764139167517
4,0.0,2.4081039428710938,-5.798964599671308
5,0.0,231.06517028808594,-53391.11292026215
6,0.0,293.0948181152344,-85904.57240600232
7,0.0,26.643264770507812,-709.8635576313827
8,0.0,38.26624298095703,-1464.3053518776433
9,5.1962,34.672950744628906,-868.8788344609807
10,0.0,28.836849212646484,-831.5638725129102
11,0.0,43.208526611328125,-1866.9767719218507
12,0.0,71.25057983398438,-5076.645126678981
13,0.0,101.40486907958984,-10282.947473048756
14,0.0,36.18940353393555,-1309.6729281420266
15,1.4943,33.1867561340332,-1004.4117758076188
16,0.147,58.36708450317383,-3389.5782395567016
17,0.0,91.43922424316406,-8361.131730191642
18,0.0,88.37947082519531,-7810.930863341549
19,0.0,97.90839385986328,-9586.053588218114
20,2.9775,84.16730499267578,-6591.78443474872
21,4.3853,14.366978645324707,-99.63390857853126
22,1.2417,61.57229995727539,-3639.781291204797
23,5.2255,71.64350128173828,-4411.350894260989
24,4.8009,71.43435668945312,-4440.017550385225
25,4.112,95.6812744140625,-8384.932016717883
26,15.18,94.23284912109375,-6249.352954162412
27,13.5356,102.00762176513672,-7827.298635210825
28,10.8264,86.30799102783203,-5697.470584092892
29,0.0,100.54557037353516,-10109.41172173951
30,0.0,55.31196594238281,-3059.413576411316
31,0.0,49.9132194519043,-2491.3294760539575
32,0.0,106.71040344238281,-11387.110202836106
33,0.0,103.53986358642578,-10720.50335149566
34,0.0,46.48539733886719,-2160.8921657523606
35,0.0,68.02318572998047,-4627.1537968554185
36,0.0,79.98385620117188,-6397.417252809741
37,0.0,29.773176193237305,-886.4420206335526
38,0.0,50.19105911254883,-2519.1424148393708
39,2.8947,37.571956634521484,-1202.5121276964642
40,7.2753,60.95584487915039,-2881.600898522479
41,17.2979,48.06960678100586,-946.8979382162021
42,7.749,69.88263702392578,-3860.58884982096
43,13.6628,125.18790435791016,-12437.84890204275
44,11.7275,35.27745056152344,-554.6001714501981
45,10.7808,8.26507568359375,-6.328868836157691
46,10.3168,66.39067840576172,-3144.2798394641504
47,0.0,148.76487731933594,-22130.988723837072
48,0.0,53.49631118774414,-2861.855310695959
49,1.8465,124.82720947265625,-15124.25490239788
50,11.0624,24.05768394470215,-168.87740480343342
51,13.5221,20.77224349975586,-52.56458076705214
52,4.693,98.2698745727539,-8756.631454804918
53,0.0,57.03142547607422,-3252.5834918330074
54,0.0,95.31522369384766,-9084.991867808218
55,0.0,45.95411682128906,-2111.7808528246824
56,0.0,140.88111877441406,-19847.489627130562
57,0.0,145.98757934570312,-21312.373323217966
58,0.0,135.2877197265625,-18302.76710881293
59,0.0,48.35081481933594,-2337.8012936937157
60,0.0,150.38404846191406,-22615.362031795317
61,0.0,163.14443969726562,-26616.10820413474
62,0.0,154.64463806152344,-23914.964081179583
63,0.0,151.33863830566406,-22903.38344421261
64,6.5254,8.574895858764648,-4.2004332750934426
65,2.4838,48.540802001953125,-2121.247433407914
66,19.3163,189.72018432617188,-29037.48379344736
67,17.5043,163.2578582763672,-21244.099750222365
68,13.6211,175.098876953125,-26075.072449723182
69,15.3309,114.76988983154297,-9888.112698717707
70,17.6288,132.7238311767578,-13246.866201578854
71,16.4836,168.379638671875,-23072.406564207748
72,17.3118,168.084716796875,-22732.47243943739
73,17.6784,190.88800048828125,-30001.565701309995
74,24.6297,160.95155334472656,-18583.647699341134
75,22.0512,125.14425659179688,-10628.178317439435
76,30.3727,91.86917877197266,-3781.816901351684
77,29.7537,169.73760986328125,-19595.495020611248
78,21.8505,136.4514923095703,-13133.387438338195
79,31.549,108.7908935546875,-5966.310119913674
80,32.5687,171.54733276367188,-19315.060364859568
81,37.9241,113.45249938964844,-5704.539114362245
82,45.8568,86.24478912353516,-1631.1896654427942
83,48.8821,162.95790100097656,-13013.288374014403
84,50.5424,44.02589416503906,-42.46484829707995
85,47.4277,24.36452865600586,-531.9098724424325
86,52.4421,59.21232604980469,-45.83596076545393
87,54.1956,111.796875,-3317.906881625625
88,52.3476,148.0160675048828,-9152.455674732819
89,35.6953,167.36764526367188,-17337.606507235614
90,32.3953,151.03953552246094,-14076.454622709183
91,21.6924,68.04320526123047,-2148.39714836451
92,12.7859,105.69711303710938,-8632.493508027124
93,15.8762,27.046932220458984,-124.78525834120049
94,13.8907,201.91046142578125,-35351.430686607695
95,8.1358,106.22509002685547,-9621.508817972566
96,13.2436,90.9084243774414,-6031.824945578816
97,12.3612,203.33274841308594,-36470.132303291626
98,21.004,223.2829132080078,-40916.75872861276
99,28.6875,292.8142395019531,-69762.9345199326
100,24.4948,145.05055236816406,-14533.689429054095
101,27.1857,112.29359436035156,-7243.353682452762
102,33.7922,159.84747314453125,-15889.93188754238
103,28.8646,64.73530578613281,-1286.7075335953023
104,18.7474,52.94091033935547,-1169.1961493276094
105,29.7853,39.49787521362305,-94.33411728028479
106,30.5728,121.14192962646484,-8202.767241295393
107,33.9999,215.09933471679688,-32797.00525474337
108,29.9949,26.058534622192383,-15.494972387602514
109,34.3239,213.37774658203125,-32060.27997582158
110,29.6812,206.61903381347656,-31306.997034605454
111,34.8304,107.67584228515625,-5306.458461720031
112,32.1088,204.1997833251953,-29615.30654183265
113,15.8398,164.7577362060547,-22176.551723870576
114,19.0253,200.51974487304688,-32940.233519775444
115,26.9867,203.30123901367188,-31086.816667603627
116,12.8794,227.1659393310547,-45918.720938479644
117,18.3596,170.05807495117188,-23012.42730251132
118,25.5401,227.8018798828125,-40909.8276013633
119,32.1875,216.6423797607422,-34023.60266754986
120,40.7214,206.56077575683594,-27502.69855141702
121,48.2608,88.32477569580078,-1605.1221485537155
122,49.9398,118.09371948242188,-4644.956740816445
123,56.82,91.88201904296875,-1229.3451793695033
124,52.1409,200.43702697753906,-21991.741276538392
125,51.5669,209.3138427734375,-24884.097954366163
126,62.1695,341.25177001953125,-77886.91343925457
127,51.5434,465.18304443359375,-171097.75544714986
128,59.6558,206.3389892578125,-21515.958010843242
129,64.7274,205.7177734375,-19878.28540204571
130,51.7852,206.94711303710938,-24075.21925733549
131,43.0323,103.65386962890625,-3674.974704272329
132,43.842,67.19499206542969,-545.362238408022
133,45.01,71.23045349121094,-687.5121812847559
134,37.4258,176.32861328125,-19293.9915374458
135,47.1658,183.41580200195312,-18564.06304553223
136,40.6122,208.0443572998047,-28033.52729806654
137,43.1433,206.0394744873047,-26535.16366259841
138,34.3262,136.9616241455078,-10534.030289528288
139,33.9629,162.42559814453125,-16502.664814572956
140,32.7154,101.9169692993164,-4788.857193488091
141,32.6883,70.15288543701172,-1403.5951619671507
142,33.9849,188.789306640625,-23964.40431535598
143,33.1512,202.95814514160156,-28834.398618322877
144,22.4151,229.16983032226562,-42747.518510632784
145,12.381,148.04136657714844,-18403.735059846294
146,11.1647,202.34091186523438,-36548.34398314098
147,18.7955,199.38250732421875,-32611.667214317436
148,13.7113,242.714111328125,-52442.28759618482
149,19.4744,265.7964782714844,-60674.566243983274
150,22.3681,392.2549133300781,-136816.25467548004
151,33.1274,178.8718719482422,-21241.451103471954
152,31.025,194.91917419433594,-26861.30033484333
153,30.9126,144.7491912841797,-12958.769515201375
154,22.7595,356.7938537597656,-111578.94949170425
155,29.6641,397.6610412597656,-135421.7487765434
156,36.2778,247.55776977539062,-44639.22562828997
157,30.2194,155.64004516601562,-15730.338233859597
158,25.9167,200.24212646484375,-30389.354312149648
159,24.765,204.98001098632812,-32477.450184802372
160,26.8199,156.8813934326172,-16915.992073922727
161,22.0723,147.61668395996094,-15761.392343886098
162,30.2774,240.22640991210938,-44078.586763075
163,28.6929,155.7111053466797,-16133.624489491287
164,35.777,241.37393188476562,-42270.098400428964
165,38.5285,38.88949203491211,-0.1303152492699848
166,39.5337,227.89744567871094,-35480.90068611409
167,32.1693,317.8683166503906,-81623.92811500016
168,24.1942,226.92947387695312,-41101.5912739632
169,23.8548,221.24722290039062,-38963.768618486654
170,29.8462,79.19534301757812,-2435.33791656938
171,32.8446,130.43521118164062,-9523.92739080616
172,33.779,59.92909240722656,-683.8273329064881
173,33.7047,80.05065155029297,-2147.947225102103
174,37.5634,115.5368881225586,-6079.864849998786
175,33.8939,211.46888732910156,-31532.87612493058
176,32.5304,273.8959655761719,-58257.33624590533
177,31.9881,138.44686889648438,-11333.469474955069
178,22.7491,201.619873046875,-31994.753450386663
179,28.1132,129.4186553955078,-10262.795292891222
180,22.2618,222.95082092285156,-40276.083118972754
181,14.0956,251.41323852539062,-56319.66155526797
182,14.2719,310.9222717285156,-88001.44304666649
183,17.2188,326.74261474609375,-95804.99189497417
184,23.4721,283.24676513671875,-67482.87664689435
185,13.8525,305.2564392089844,-84916.25578651344
186,13.7136,200.0906219482422,-34736.39431029555
187,8.5978,249.79052734375,-58173.93172351653
188,8.992,335.2303771972656,-106431.47875630535
189,19.1604,452.40399169921875,-187700.0097484394
190,24.8851,218.1055145263672,-37334.12858974117
191,25.9591,198.93031311035156,-29919.040564866653
192,16.9754,223.4712677001953,-42640.54337725656
193,12.4542,218.43450927734375,-42427.88780999018
194,7.8579,192.99867248535156,-34277.10563647271
195,2.3242,113.7938461303711,-12425.482008430154
196,8.9059,153.11941528320312,-20797.53799033866
197,2.8116,217.9876251220703,-46300.72178733384
198,0.0,197.0998077392578,-38848.334210852394
199,0.0,215.5861358642578,-46477.38197688223
200,0.0,92.8202133178711,-8615.592000375094
201,5.7553,100.2593002319336,-8931.006059837304
202,7.722,156.63229370117188,-22174.275570169266
203,7.8906,119.54780578613281,-12467.33160396681
204,22.4298,222.91209411621094,-40193.15025409891
205,24.4998,216.71524047851562,-36946.775558349786
206,24.584,235.83631896972656,-44627.54227008709
207,26.3569,208.7973175048828,-33284.50593935595
208,33.374,203.21812438964844,-28847.02658968637
209,29.206,132.92724609375,-10758.09689124025
210,30.988,180.52264404296875,-22360.60976905737
211,37.2241,228.19459533691406,-36469.730089226316
212,40.4194,209.53248596191406,-28599.235843561735
213,31.6159,228.7994842529297,-38881.36589883221
214,33.5799,233.9105987548828,-40132.3888636196
215,40.363,195.855224609375,-24177.831913972324
216,42.4022,149.36448669433594,-11440.930774881315
217,46.695,158.5334014892578,-12507.828047672425
218,37.813,121.76543426513672,-7048.011219042101
219,41.442,128.99673461914062,-7665.831554228141
220,49.5244,227.2906494140625,-31600.83943074267
221,59.8024,215.17063903808594,-24139.28970179581
222,58.5342,164.62460327148438,-11255.173666306184
223,59.2634,173.56057739257812,-13063.844759910475
224,65.7469,162.890625,-9436.903306875625
225,57.4399,188.56861877441406,-17194.74088741937
226,58.8804,175.779296875,-13665.352090591883
227,63.6895,189.37937927246094,-15797.945751525804
228,62.0966,164.16455078125,-10417.866576683673
229,62.3402,151.6618194580078,-7978.351702601158
230,65.5294,166.94808959960938,-10285.750600101916
231,70.437,151.96336364746094,-6646.5479695780405
232,82.9453,50.11275863647461,-1077.975772387606
233,89.836,150.05848693847656,-3626.7479330549804
234,90.323,202.721435546875,-12633.408313385014
235,84.8404,191.2178955078125,-11316.171550514668
236,79.3261,31.552139282226562,-2282.351322663359
237,70.0075,179.12696838378906,-11907.058380360742
238,78.1288,106.70339965820312,-816.5077456265823
239,75.4689,93.25565338134766,-316.3685958488821
240,76.1505,80.2878189086914,-17.1174077522155
241,82.5298,190.8665771484375,-11736.85728291021
242,89.5839,175.11276245117188,-7315.1863121914785
243,99.1437,138.93458557128906,-1583.3145745474205
244,101.1073,122.2757568359375,-448.10356481494927
245,107.05,137.3280487060547,-916.7602334462201
246,104.7266,125.91084289550781,-448.772147055873
247,102.6309,163.34307861328125,-3685.9686319709654
248,104.0783,27.845916748046875,-5811.376256272663
249,108.5729,58.061073303222656,-2551.4446362452686
250,109.5438,40.98329544067383,-4700.542785429386
251,102.8369,107.96775817871094,-26.32570565004492
252,105.4215,217.96844482421875,-12666.814789265742
253,104.447,183.03421020507812,-6175.949607817135
254,87.1908,203.80477905273438,-13598.820110511573
255,88.7199,218.6838836669922,-16890.637050594214
256,79.683,200.68954467773438,-14642.583854844524
257,82.0496,235.62567138671875,-23585.609702578535
258,72.2051,144.95887756347656,-5293.112149755825
259,73.583,164.19900512695312,-8211.260385167996
260,61.5286,141.90293884277344,-6460.034344412959
261,70.9301,80.31800842285156,-88.13282455584739
262,70.9992,7.985383033752441,-3970.741128655749
263,70.4829,151.905029296875,-6629.56313923703
264,62.7827,121.65109252929688,-3465.487638983376
265,70.7576,174.4559783935547,-10753.35368145285
266,69.1814,199.94821166992188,-17099.959034316817
267,73.7373,135.7979278564453,-3851.5215299361953
268,79.3926,64.18365478515625,-231.31201454811864
269,79.4547,163.62124633789062,-7084.007522448289
270,84.8093,168.27186584472656,-6965.999897385318
271,71.9431,22.817729949951172,-2413.3019825542347
272,57.1589,25.816755294799805,-982.3300347217088
273,65.6894,56.79563903808594,-79.09898404766666
274,64.4484,47.931121826171875,-272.82047827161915
275,65.5158,68.15605926513672,-6.970968987140293
276,57.7501,143.2414093017578,-7308.763966128821
277,58.7245,160.17935180664062,-10293.086955107408
278,58.4685,64.13070678710938,-32.060585699987485
279,64.0188,47.66205978393555,-267.54295049582015
280,65.8447,55.34730911254883,-110.19521544394297
281,72.0793,66.79647064208984,-27.90828602479747
282,79.5555,94.31935119628906,-217.97130214616612
283,85.4619,44.312137603759766,-1693.3029452670269
284,91.6662,97.93907165527344,-39.348918803532875
285,88.7188,41.74156951904297,-2206.8601836609587
286,84.6261,100.74119567871094,-259.69630873400814
287,85.6328,37.90370559692383,-2278.0664525377574
288,94.3273,143.90786743164062,-2458.2326668434634
289,88.7476,142.20681762695312,-2857.887949285935
290,93.7624,172.4456787109375,-6191.058348703071
291,98.6896,158.74102783203125,-3606.1739846656574
292,102.8602,31.43724250793457,-5101.238856913386
293,93.0413,143.58746337890625,-2554.9146323270825
294,88.9029,134.4955291748047,-2078.6878350712514
295,83.2059,155.51052856445312,-5227.9593118435305
296,87.8131,142.46969604492188,-2987.343491217769
297,90.6109,116.3945541381836,-664.7968207174719
298,82.0284,46.73341369628906,-1245.736058179143
299,72.2266,65.29863739013672,-47.99666592366371
300,64.0371,100.48413848876953,-1328.386614601848
301,70.0598,141.74916076660156,-5139.364447123952
302,65.5186,150.35708618164062,-7197.568737592426
303,50.8163,46.25053405761719,-20.846218640622794
304,61.3806,63.088741302490234,-2.9177467092730303
305,59.8212,50.43076705932617,-88.18023081329207
306,48.4227,78.12459564208984,-882.2026047335958
307,45.6377,55.06885528564453,-88.94669002194074
308,42.4667,30.225997924804688,-149.8347872936909
309,41.9015,26.523422241210938,-236.4852755553628
310,46.1814,38.62113571166992,-57.15759610939905
311,54.1268,43.06974792480469,-122.25840059358103
312,54.476,35.22574234008789,-370.5724199730048
313,50.5854,28.77255630493164,-475.8001500654835
314,56.2716,106.20619201660156,-2493.4634798644483
315,54.0716,88.15319061279297,-1161.5548186980182
316,56.7191,21.42824363708496,-1245.4445428279007
317,48.9155,105.8194351196289,-3238.0578320989357
318,38.7233,101.44325256347656,-3933.79244956475
319,41.6024,99.7456283569336,-3380.6350037665266
320,45.6563,47.32094955444336,-2.771058139108469
321,42.4755,16.707483291625977,-663.9906850830426
322,43.5556,51.751155853271484,-67.16713574409252
323,53.9647,88.69478607177734,-1206.1788785530625
324,43.7879,75.77168273925781,-1022.9623583120459
325,36.0528,106.6662826538086,-4986.263932499728
326,29.2259,98.70465850830078,-4827.297883854779
327,33.4248,59.699432373046875,-690.356306338763
328,33.3625,92.66325378417969,-3516.5793993719017
329,31.4232,47.47323989868164,-257.6037807492725
330,31.6796,2.3459901809692383,-860.4606650151379
331,33.4405,9.93062973022461,-552.7140001016688
332,36.3171,1.4168219566345215,-1218.0294075042189
333,43.8518,42.256595611572266,-2.544677040859093
334,48.9556,33.94160842895508,-225.41994289540787
335,52.2104,6.673220634460449,-2073.634704569321
336,54.731,16.492366790771484,-1462.193069709914
337,61.4753,22.928537368774414,-1485.852909348049
338,64.9335,46.222171783447266,-350.11380362756233
339,70.2612,81.5159683227539,-126.66980999886472
340,68.3718,82.11302185058594,-188.8211779470206
341,68.0795,63.73652648925781,-18.861418915008286
342,73.3327,79.83358001708984,-42.26144099659801
343,76.1506,72.96748352050781,-10.13223052201472
344,82.8665,84.80126953125,-3.7433331390533366
345,79.8461,83.47531127929688,-13.171174509775609
346,90.8534,61.21464920043945,-878.4555489584505
347,82.3225,25.912263870239258,-3182.1147402153647
348,84.1922,56.46974563598633,-768.5344759648207
349,84.6792,86.35596466064453,-2.8115397271863887
350,78.2792,81.5151596069336,-10.4714345777058
351,74.8477,82.97389221191406,-66.0349998649727
352,74.0494,82.8046646118164,-76.65465842292458
353,79.9408,28.743377685546875,-2621.1760516444624
354,72.5522,30.322534561157227,-1783.3446430765916
355,65.9175,13.976120948791504,-2697.9068577413213
356,72.2178,30.158905029296875,-1768.9506461566364
357,67.4321,82.15758514404297,-216.83991272743
358,63.151,83.9312515258789,-431.81885347879245
359,62.9915,49.676116943359375,-177.2994259450723
360,69.324,41.44634246826172,-777.163789456884
361,52.2198,7.833916664123535,-1970.106639506036
362,49.8141,19.527498245239258,-917.2782458514766
363,44.4162,28.61359977722168,-249.72217380095353
364,52.7036,106.23734283447266,-2865.8616218674524
365,50.583,7.981784343719482,-1814.8635753929202
1,46.8596,16.467329025268555,-923.6901350015034
2,45.5685,51.28449249267578,-32.67257017632589
3,42.6918,86.14165496826172,-1887.8898967629775
4,49.8529,86.93798828125,-1375.3037728281063
5,46.2792,86.86258697509766,-1647.0112983705258
6,47.9561,45.24207305908203,-7.365942236028544
7,50.2419,39.72001266479492,-110.71011309474905
8,49.4115,96.42912292480469,-2210.6568654991197
9,50.1971,91.20514678955078,-1681.6599014939861
10,49.0356,89.33303833007812,-1623.8835359664495
11,44.0791,22.50635528564453,-465.3833145107517
12,45.3782,54.50571823120117,-83.31158906090978
13,50.1222,24.535480499267578,-654.6802148091608
14,55.2834,57.335792541503906,-4.212315144420862
15,61.8325,73.11209106445312,-127.2291745812907
16,63.6108,3.8468282222747803,-3571.732322648736
17,62.7154,1.306638240814209,-3771.0360207964395
18,55.8476,13.188087463378906,-1819.8340098621322
19,57.8691,67.09603881835938,-85.13639995774705
20,56.9415,6.98331880569458,-2495.8198682430516
21,69.3452,7.088192939758301,-3875.9349280989854
22,70.1242,16.252613067626953,-2902.1478786122266
23,62.5102,25.428274154663086,-1375.0692243990657
24,49.4403,17.108266830444336,-1045.3603688772478
25,62.3379,32.616859436035156,-883.3402522048435
26,60.0913,0.0844312310218811,-3600.824299457361
27,59.5089,50.23421859741211,-86.01971511950963
